1000
500
208 798
704 968
245 608
245 389
320 430
90 31
179 946
574 202
709 49
969 995
188 518
993 127
102 717
449 763
58 939
981 325
419 988
41 296
613 949
906 18
509 873
970 300
846 280
611 406
498 945
663 675
220 473
849 568
669 496
611 439
652 184
428 672
996 941
56 142
953 781
134 139
744 887
232 987
742 303
762 605
761 534
88 161
106 46
846 797
383 352
726 107
516 361
913 702
70 191
994 727
788 444
343 614
176 267
950 753
86 175
174 951
515 682
150 781
253 312
427 933
583 420
965 689
979 578
781 502
617 985
393 456
588 458
696 82
860 112
65 584
445 737
289 53
683 220
398 650
272 106
574 51
470 540
119 692
882 358
875 446
394 94
596 439
95 996
508 627
486 941
702 616
876 295
63 955
644 375
154 813
937 119
851 479
475 5
540 652
350 45
381 804
106 874
498 251
915 600
912 706
377 66
740 212
328 644
440 367
40 458
890 627
391 230
688 339
871 554
336 838
813 456
935 597
840 574
557 944
343 139
767 305
725 218
626 286
280 350
80 147
821 796
863 404
603 107
914 342
640 624
813 203
276 785
962 705
739 893
45 310
452 34
822 370
78 413
447 877
641 274
327 34
553 916
989 296
81 41
548 831
583 842
165 580
838 757
283 220
926 797
558 394
420 720
124 469
84 79
240 977
896 355
437 627
964 982
977 432
823 37
834 79
690 779
419 136
468 31
956 57
688 571
763 258
120 361
681 711
474 425
569 604
499 635
50 619
752 481
707 306
531 158
522 827
746 940
626 72
16 852
383 806
895 132
410 989
947 815
376 919
309 65
335 127
519 539
912 276
632 150
863 419
67 115
413 81
206 14
303 572
493 957
649 842
682 589
584 969
906 854
121 44
462 890
844 843
535 401
850 170
638 171
806 160
160 105
138 158
300 373
128 1000
587 723
130 680
372 50
209 382
940 626
274 839
361 186
130 801
786 247
999 160
677 595
712 948
364 907
196 974
401 816
880 358
432 579
335 581
655 686
806 978
516 372
298 775
979 14
516 878
561 817
269 623
332 36
946 617
268 217
242 596
639 566
631 980
634 649
7 409
18 35
492 85
459 394
674 208
71 826
433 102
845 850
73 938
907 600
696 58
951 242
621 27
767 522
190 483
534 666
474 737
412 565
244 877
32 265
58 802
664 336
491 230
219 606
301 212
737 70
849 101
694 542
155 258
272 747
794 969
736 115
243 205
191 485
393 878
271 301
697 197
796 648
791 573
1000 650
540 267
735 343
123 657
935 118
180 557
740 226
53 476
872 645
851 124
277 800
390 731
567 275
86 926
506 623
497 68
642 876
552 868
194 112
448 106
477 754
829 15
473 855
138 673
626 716
963 335
597 625
801 210
501 380
882 586
74 505
650 606
375 787
995 208
839 801
594 930
948 607
573 339
351 689
227 816
1 505
725 313
753 742
568 480
923 449
64 254
508 787
239 607
108 23
397 634
133 752
51 604
506 52
2 895
945 443
196 946
845 62
353 524
951 409
512 611
291 417
345 162
284 340
512 846
567 142
380 633
820 658
159 737
800 765
866 6
884 237
563 339
614 708
992 35
179 423
89 343
248 41
832 607
337 781
553 524
697 643
133 64
735 244
489 451
177 72
357 492
467 590
677 205
401 690
808 363
630 426
392 96
457 861
936 129
299 98
89 600
302 249
137 633
852 210
473 27
140 534
647 464
531 674
163 642
198 88
339 591
383 466
409 231
687 421
536 923
986 516
565 358
946 433
138 633
586 405
280 789
54 791
674 369
559 803
614 830
423 963
94 715
328 807
527 568
142 728
389 513
142 627
458 240
93 196
368 920
346 272
953 241
108 651
179 287
50 186
534 490
688 765
400 257
343 989
285 144
46 977
791 669
425 757
845 916
506 98
24 145
334 525
780 458
520 433
990 469
132 923
528 574
819 983
502 119
718 134
382 230
475 509
488 572
646 589
222 612
893 533
987 236
600 86
933 720
996 555
560 134
423 249
746 224
127 47
912 690
838 511
930 587
441 28
835 241
260 36
567 684
799 260
799 132
342 270
341 401
436 376
754 515
148 34
576 966
930 489
4 202
102 341
959 987
226 72
213 194
105 363
662 442
756 179
881 760
459 222
822 108
898 289
880 150
505 530
586 164
320 337
870 335
108 859
171 969
962 723
684 375
390 557
659 228
674 362
15 269
350 594
466 66
798 58
983 424
274 367
716 720
189 773
410 78
71 624
949 855
465 576
905 313