100 200
5800 7487 12942 11703 499 9069 13267 8964 9997 3169 12492 10130 11804 5463 6253 8251 14677 5998 2868 2131 162 6654 1725 13705 6115 1826 10460 9713 13540 14872 10731 5606 1944 11072 12161 14352 7587 7193 3873 1247 4957 9813 5148 8354 2987 3723 4671 9220 7833 14497 6527 13869 4001 1063 12319 11385 323 2698 6930 11212 3538 9408 13078 2432 14170 7691 7050 8107 10883 9539 2266 4484 11989 10575 8000 13427 4820 4315 12760 801 8781 6791 14992 933 14059 10322 1564 8539 8662 3343 2 12611 2554 7316 635 5295 4165 1366 11545 6360
121 25 11 46 38 71 15 28 61 119 26 18 43 126 53 85 1 118 69 64 67 106 149 1 115 154 57 66 10 8 53 122 150 50 35 2 93 97 4 160 133 65 131 84 5 53 137 67 90 4 111 6 56 25 30 24 165 128 31 50 141 7 18 56 8 91 61 87 52 49 80 55 39 15 75 13 39 44 18 27 75 102 4 163 7 58 158 27 80 145 29 21 56 94 22 128 25 104 47 114
146
537
171
510
335
591
345
438
175
156
521
386
84
395
390
43
101
556
134
535
408
7
516
148
46
505
575
368
502
526
60
65
220
231
363
194
242
29
541
4
196
457
109
271
579
232
76
589
503
445
308
354
436
215
211
371
297
230
77
57
306
346
554
594
278
442
598
586
542
30
102
277
78
100
469
89
229
496
385
131
261
567
70
425
544
415
121
282
411
303
226
423
241
181
568
340
113
87
262
105
157
379
58
32
473
158
576
528
527
218
508
149
329
263
357
305
107
487
444
499
434
20
159
285
413
343
207
552
168
99
416
249
245
548
179
206
195
114
174
353
389
547
453
364
359
111
221
324
384
238
28
464
485
387
66
210
42
463
33
23
405
92
123
447
449
67
289
486
287
208
274
365
291
550
478
580
492
597
397
255
5
498
358
532
258
169
237
88
558
417
187
86
497
244
48
461
330
73
331
256