84
57
84
57
57
57
57
57
84
84
57
57
47
57
57
30
47
57
47
57
57
83
57
84
30
57
57
57
57
57
30
30
84
84
57
84
84
83
57
83
84
57
47
84
57
84
30
57
57
57
57
57
57
84
84
57
84
84
30
30
57
57
57
57
84
57
57
57
57
83
47
84
30
47
57
47
84
57
57
47
84
57
30
57
57
57
47
84
57
84
84
57
84
84
57
57
47
47
84
47
84
57
30
30
57
84
57
57
57
84
57
84
57
84
57
84
47
57
57
57
57
83
84
84
57
57
84
57
84
47
57
84
84
57
84
84
84
47
84
57
57
57
57
57
57
47
84
57
57
84
83
57
57
57
30
84
30
57
30
83
57
47
47
57
57
30
84
57
84
84
84
57
84
57
57
57
57
57
57
84
83
57
57
57
84
84
84
47
57
57
84
47
57
84
30
57
57
30
57
84