100 10
61248 1347
17519 1347
51308 1347
57844 1347
69061 1347
1347 6574
80905 1347
1347 86322
1347 68963
44301 1347
1347 98950
1347 12978
49865 1347
1347 95866
1347 37055
66874 1347
1347 98792
40881 1347
42168 1347
1347 65073
15734 1347
39090 1347
12777 1347
15241 1347
1347 31738
19997 1347
1347 4396
14573 1347
1347 54137
1347 71707
13313 1347
99491 1347
52797 1347
33279 1347
59822 1347
1347 62369
48100 1347
1347 15121
1347 30570
1347 88408
30533 1347
1347 1062
1347 54573
67152 1347
40379 1347
1347 13811
54503 1347
1347 67431
23693 1347
72993 1347
1347 60315
49906 1347
1347 8799
45445 1347
45750 1347
64534 1347
45174 1347
1347 14876
8669 1347
69331 1347
35683 1347
1347 6319
1347 4050
94232 1347
81161 1347
57329 1347
84956 1347
15249 1347
1347 54338
1347 61141
1347 9541
1347 54093
42845 1347
76371 1347
1347 63954
1347 56860
56301 1347
1347 75526
1347 15521
1347 7280
64106 1347
1347 24930
6706 1347
17693 1347
1347 98618
51657 1347
1347 27217
1347 13744
6044 1347
1347 2581
1347 98474
1347 30827
4254 1347
1347 79357
65043 1347
58894 1347
1347 60810
13215 1347
1347 45751
1347 78292
87467 1
11732 106040688
77978 211885249
54989 11279618
61984 871063969
67156 771880128
61541 632973400
8334 2336629
1151 887280335
7349 590117207

