5
49
36 63 63 26 87 28 77 93 7 23 30 69 78 77 57 86 16 53 51 35 67 95 42 1 57 55 48 58 46 67 60 63 40 40 53 70 89 1 61 76 16 7 87 76 24 19 45 26 11
27 6
6 48
48 10
46 10
46 15
14 48
16 14
14 20
29 15
10 21
44 29
25 29
22 25
28 22
45 25
5 45
32 5
42 44
10 24
9 21
46 37
23 29
32 47
40 37
23 17
29 49
39 49
40 19
26 23
19 43
35 44
36 25
13 37
9 33
30 14
23 1
31 35
34 31
38 31
13 41
8 1
14 12
25 11
33 7
18 40
3 21
3 4
2 26
77
88 17 36 79 60 11 69 49 93 63 86 59 15 92 66 9 70 72 92 83 45 5 21 66 66 68 9 74 16 89 30 54 68 49 57 99 68 39 67 69 31 88 46 64 100 27 81 44 70 45 59 19 45 18 57 37 32 94 35 47 29 9 91 17 24 39 46 42 36 45 69 99 93 83 42 60 56
53 12
12 16
34 16
34 3
3 22
1 22
3 17
19 1
49 1
22 25
25 30
32 17
66 30
63 66
77 22
20 63
77 33
33 70
8 66
40 70
39 33
25 24
63 15
59 39
7 32
40 11
31 40
49 46
11 41
71 7
15 55
42 71
42 51
27 42
27 28
30 29
11 48
13 40
6 66
64 7
47 6
29 65
70 54
64 21
37 27
35 70
37 58
64 57
64 23
70 73
44 21
17 60
57 72
76 13
69 28
52 73
62 73
36 57
72 38
14 42
18 37
38 10
18 68
2 14
61 18
32 4
67 76
76 50
14 74
43 18
45 23
2 9
45 26
56 14
43 5
45 75
47
97 100 49 46 16 54 23 12 55 81 52 88 64 98 36 59 71 98 66 49 91 44 77 48 55 64 23 64 22 79 86 74 31 37 46 48 34 93 36 1 73 8 26 14 44 94 4
41 46
34 41
34 5
5 13
5 10
6 5
13 17
17 47
17 11
11 19
11 40
17 4
33 11
33 24
38 33
40 32
16 32
32 28
24 31
24 9
32 39
38 1
39 7
28 45
30 7
30 8
7 43
3 39
18 30
18 2
44 39
36 2
25 31
12 25
37 8
3 26
27 30
21 27
22 30
25 42
22 15
1 20
4 14
35 44
21 29
23 22
76
70 20 77 22 4 69 23 72 78 54 97 23 47 30 69 24 84 63 17 7 4 2 96 30 89 76 67 91 78 90 57 66 75 43 88 41 28 37 58 92 7 67 92 100 5 73 78 8 36 54 65 11 44 93 68 76 29 82 67 83 39 14 51 5 47 82 4 59 3 8 74 47 41 20 13 78
26 68
68 69
39 68
58 39
58 34
58 24
58 43
7 69
39 70
48 70
24 64
57 7
48 63
64 29
4 29
29 6
49 24
43 14
22 63
29 30
11 30
22 18
37 49
6 40
34 23
20 49
37 41
15 49
75 22
67 11
17 48
41 73
73 52
71 39
31 17
38 31
72 75
56 38
38 1
41 27
19 11
65 31
74 27
45 52
5 67
42 75
49 76
74 44
67 21
30 66
45 53
22 16
62 5
74 54
13 27
65 3
56 36
4 2
67 9
50 15
9 8
13 55
44 60
62 28
51 66
59 2
10 51
35 75
32 1
61 36
51 46
47 56
25 65
2 12
60 33
6
7 7 21 3 1 2
1 2
3 1
2 4
5 2
2 6