5
1910
7 4 2 10 5 10 3 5 3 2 9 3 10 10 10 3 1 6 6 5 8 5 3 10 2 10 7 1 1 4 9 4 7 1 9 3 4 2 9 2 4 2 6 10 1 8 1 6 6 8 9 7 4 8 8 7 8 10 2 5 5 3 1 5 3 9 4 7 8 7 8 8 2 9 2 7 6 10 10 2 7 9 4 6 2 9 4 8 7 6 6 10 8 7 3 2 3 6 6 8 3 4 10 1 9 7 4 8 2 8 7 7 6 8 6 7 6 8 3 8 9 6 1 3 10 8 5 6 3 10 7 3 10 7 4 1 2 4 2 9 9 6 9 7 7 2 9 10 10 9 8 8 5 1 3 6 9 4 2 4 6 1 4 9 2 5 8 9 9 8 7 2 3 1 9 3 3 9 7 4 10 3 7 10 3 5 2 2 10 1 3 4 7 5 5 7 4 3 10 1 10 1 8 8 6 4 7 3 5 5 4 7 3 3 7 8 6 10 6 6 10 8 8 10 8 1 10 10 10 9 7 5 2 6 7 4 2 7 9 6 9 9 4 3 8 1 5 3 9 9 8 10 3 3 7 7 7 9 6 5 2 7 6 4 6 4 8 6 5 8 1 4 4 4 9 10 2 8 1 9 8 1 1 8 1 6 5 2 3 10 4 3 2 1 3 5 8 5 5 1 2 10 8 5 7 2 8 10 1 2 7 8 5 1 5 5 7 6 7 9 3 8 2 4 5 10 3 4 1 1 3 1 7 10 9 3 2 7 9 9 5 9 2 10 7 6 4 6 8 2 7 10 1 3 10 9 2 5 10 9 8 7 3 2 5 4 5 10 9 8 7 8 7 2 7 3 7 1 3 3 2 2 9 6 2 9 9 8 9 5 2 5 7 5 7 9 10 6 8 10 3 2 3 5 7 8 10 5 1 3 3 8 5 3 8 4 6 4 4 9 8 10 9 1 2 8 8 5 10 9 10 10 10 9 3 7 2 9 3 5 9 4 10 4 6 10 7 10 7 8 3 7 4 2 1 7 5 5 10 9 1 6 8 2 10 3 1 5 9 5 7 1 10 9 10 4 10 3 10 10 10 2 1 3 10 10 4 6 3 6 3 5 7 3 4 3 5 5 6 1 4 10 10 6 9 6 8 2 1 2 8 5 8 8 10 5 6 8 9 8 1 9 5 1 2 4 9 1 5 4 10 1 5 4 4 1 8 9 5 6 5 5 7 2 1 1 4 9 9 1 8 3 3 9 2 9 7 6 3 10 4 9 6 5 3 7 5 6 3 3 3 1 1 5 1 7 9 3 8 4 7 8 3 8 6 9 6 4 2 7 6 4 9 5 3 8 3 4 9 3 5 9 6 1 10 9 7 6 7 4 9 9 2 1 7 6 4 3 4 1 4 2 2 1 6 3 8 1 1 1 10 3 5 1 7 3 4 5 8 8 4 2 3 4 3 2 7 10 5 5 4 10 5 8 7 7 6 4 10 9 9 8 7 1 7 10 3 6 3 8 2 4 4 1 4 5 3 1 9 2 7 5 1 4 5 6 1 3 6 2 8 2 1 2 3 5 7 10 6 3 6 10 1 4 7 1 4 5 5 7 4 2 2 6 5 7 6 3 3 9 4 9 5 2 10 2 6 5 2 5 2 3 8 9 6 2 7 5 3 9 5 5 6 8 10 3 2 3 6 2 1 2 8 6 5 4 3 4 2 5 6 3 4 1 5 7 8 3 10 5 1 3 3 2 5 7 10 1 10 8 7 10 8 2 9 6 6 10 5 2 6 2 5 2 1 8 1 4 1 10 8 6 5 7 3 4 10 4 2 4 3 8 8 1 5 3 1 3 7 3 8 9 6 3 3 2 9 4 1 8 9 1 2 10 5 2 8 9 6 7 8 4 3 5 7 9 2 6 6 3 8 3 2 10 7 3 6 4 8 7 2 4 1 6 4 3 3 3 5 6 2 4 5 10 7 4 7 7 9 4 10 3 10 10 2 7 6 4 10 2 5 8 6 4 4 4 8 9 4 4 8 1 8 4 2 2 9 9 10 8 10 2 7 2 6 2 6 6 3 4 2 6 4 4 5 8 4 8 9 4 7 1 9 9 6 10 5 9 8 6 10 6 10 8 9 2 6 9 5 10 10 8 7 9 10 9 10 9 1 4 8 2 2 1 5 5 10 10 5 2 10 6 5 9 8 6 1 9 10 7 8 6 6 8 7 8 10 9 6 10 10 6 1 4 5 3 1 3 3 7 2 9 3 6 5 8 2 6 1 8 6 1 5 10 10 3 6 1 6 1 1 9 2 7 6 4 9 9 5 7 6 9 4 10 8 6 4 2 5 5 4 8 1 9 2 1 4 8 7 3 8 3 1 1 9 6 4 7 7 2 2 1 9 2 3 2 4 1 1 1 10 10 1 9 6 6 2 1 2 1 7 6 5 4 7 5 3 9 4 10 7 6 4 4 7 1 1 10 6 3 4 1 3 9 2 10 6 9 6 10 3 10 2 2 6 3 6 5 10 10 4 7 8 3 3 7 6 9 10 10 4 4 4 5 10 5 3 5 3 4 8 5 9 2 10 8 9 6 10 3 4 4 8 8 6 4 4 9 8 2 5 2 2 10 5 10 9 7 10 2 3 1 8 5 5 3 2 5 8 7 1 1 9 8 5 5 1 6 8 10 2 10 8 1 8 9 1 8 1 7 10 8 9 10 1 4 4 7 4 6 8 7 4 2 1 4 6 1 6 7 2 8 9 7 7 7 3 3 2 1 9 9 8 8 7 4 1 4 3 2 3 10 10 5 10 7 1 2 5 1 2 5 10 8 2 5 5 3 2 9 10 4 5 9 6 8 10 10 8 7 9 2 10 6 10 3 5 8 6 5 2 9 1 7 6 2 5 2 3 8 3 7 5 3 4 4 3 4 1 1 8 1 5 5 9 5 8 3 1 10 6 6 2 6 1 8 6 9 2 1 5 1 9 1 2 5 7 9 4 1 6 5 3 10 8 6 6 5 5 8 9 1 1 7 2 1 4 2 1 8 3 8 6 3 7 6 5 3 4 6 7 4 3 4 1 3 2 1 10 9 4 3 6 7 4 4 10 10 10 5 10 7 9 7 1 3 1 5 5 9 3 2 2 1 1 1 9 8 5 5 10 7 9 2 10 8 4 8 1 1 1 8 9 6 3 1 6 10 5 2 10 9 5 6 4 8 2 2 3 1 4 9 8 5 10 9 9 2 7 6 1 2 2 8 6 7 1 5 9 2 3 8 4 2 8 2 5 4 4 6 6 9 10 1 8 4 2 1 8 7 4 4 6 4 7 1 6 3 10 7 6 3 4 7 3 9 4 10 7 10 9 3 1 5 1 5 3 1 6 4 8 8 7 10 3 4 6 9 4 9 4 3 6 8 1 1 1 10 5 10 4 8 1 1 2 9 9 4 10 6 10 2 5 3 6 1 3 8 6 2 10 10 9 4 10 7 6 6 4 3 7 1 2 10 8 4 3 7 5 5 1 10 4 7 1 1 6 4 8 5 8 6 5 6 6 1 2 7 4 2 9 9 10 8 3 1 7 6 1 2 7 8 6 7 7 3 9 6 8 3 10 4 4 3 7 9 6 8 7 3 3 1 10 3 5 3 10 6 4 7 3 1 2 5 8 3 2 2 2 6 8 8 2 5 8 1 2 10 10 8 1 1 5 2 10 5 6 3 7 3 10 2 3 4 5 2 8 4 7 7 8 10 2 2 1 10 9 1 8 5 5 7 4 3 4 5 3 9 8 3 1 10 2 9 3 9 8 10 10 10 10 3 5 5 5 8 6 3 8 2 5 1 2 1 6 4 8 10 7 8 7 1 7 10 6 3 4 5 5 6 6 5 2 4 8 10 2 10 10 1 7 2 5 5 8 3 7 7 3 8 4 1 9 3 7 2 6 1 4 9 1 7 7 4 10 8 4 5 9 10 10 9 7 6 5 1 9 4 1 8 2 2 4 4 2 5 9 8 3 1 3 3 1 5 3 9 8 2 3 2 2 5 1 8 4 4 3 5 6 7 9 1 7 10 1 3 2 6 8 4 1 1 9 2 7 2 7 10 6 5 1 1 2 6 7 4 10 4 5 1 5 4 1 5 5 3 4 5 3 5 2 7 4 7 6 10 5 9 6 2 5 3 7 5 6 9 1 3 6 9 10 4 4 9 9 2 4 9 9 5 8 2 1 2 6 10 4 3 10 6 3 8 4 10 4 9 8 8 7 4 3 2 5 9 6 4 10 4 2 6 3 1 5 6 1 9 5 9 2 8
1764 143
1764 302
302 1041
1846 1041
1050 1846
1050 999
1050 768
399 768
854 768
965 999
399 1864
667 1864
829 1864
829 597
824 829
824 505
505 1032
1532 1864
178 505
1532 417
1808 1032
495 1808
1808 1008
495 1316
417 1288
1808 1599
495 1442
1316 334
1831 1442
1901 1831
417 284
1288 49
1831 1845
882 1845
1845 1324
1447 1008
1654 1599
49 638
512 1845
495 1009
1590 882
1590 1467
325 1831
246 1467
285 1467
638 1010
687 246
59 638
1447 410
669 1599
307 1590
557 285
687 1042
307 1384
638 800
1317 1324
1317 1852
1235 1852
1502 638
601 285
1235 1437
1049 800
1010 508
1568 246
800 1202
374 1437
1407 410
325 1591
1290 512
307 1858
1674 687
1384 944
687 847
1657 1009
1852 470
1384 1597
115 1858
470 1139
1407 318
847 1207
1233 1852
1568 1679
557 1708
1657 1322
1658 1139
253 1009
263 1597
1264 508
1210 115
1207 180
1590 1838
1264 1770
33 1770
977 1708
1720 1657
1233 1735
1264 1504
1206 253
1049 1620
1210 772
1595 1735
1235 607
1595 1272
1504 736
807 1042
977 523
821 977
1119 1674
253 1151
1227 263
1119 734
1151 1121
772 107
821 1821
504 1770
1534 1658
1843 1119
1346 1534
118 1119
1661 807
226 33
1151 1756
263 1164
1821 1064
193 1346
118 477
479 180
1227 346
1408 479
93 1595
1272 1910
504 1184
1099 1408
1184 1156
1119 277
1910 561
1620 1500
1661 971
1022 107
1770 1693
1617 561
1089 118
504 865
477 590
561 173
260 561
561 833
1496 944
1496 522
1910 1261
1377 833
147 734
865 1373
1261 749
1736 1373
1291 1500
1061 1272
936 1261
1756 392
173 593
318 825
1838 762
715 1373
255 762
1150 260
1261 915
1373 890
825 158
1156 1187
1595 297
226 1197
1496 1143
193 622
171 1291
915 68
709 1821
320 736
709 1246
1156 544
544 19
561 326
709 836
1617 1604
1809 297
242 1496
784 1500
762 501
1503 1604
1859 297
171 525
1859 1549
1883 593
19 790
223 790
450 1809
844 593
1691 1503
1691 1158
463 1691
444 1150
1604 1320
554 1691
1503 1296
802 790
1296 927
844 770
1291 340
202 158
158 1431
825 380
936 1740
709 526
658 836
858 242
436 522
1637 590
320 634
348 1859
501 313
36 927
991 1143
1308 749
1865 1022
1623 1496
810 1308
36 1633
1052 450
769 1052
1613 1187
1217 380
25 479
1736 1714
223 308
486 1809
1431 312
810 849
907 147
1714 536
790 1251
1604 1850
58 1740
1601 790
1850 315
666 1859
1457 769
25 1683
268 1503
1089 1189
973 268
313 1544
68 1453
1261 753
1521 1740
119 1272
956 340
1859 612
1503 252
1217 1325
830 1189
1325 1823
1894 1637
171 11
308 1199
1298 268
1298 1046
810 1315
1222 1850
1070 844
1793 830
159 1046
604 1714
1635 554
1548 956
858 1704
802 1758
634 909
1023 1740
1793 708
1613 1044
1217 903
380 453
1044 236
341 1044
1889 907
1135 1604
1046 137
159 1576
1671 907
784 1905
1576 1869
1867 604
1222 1752
1346 426
628 1704
1905 249
1372 453
1417 1372
1121 390
1671 962
1651 1704
1713 1869
1671 1040
1823 534
1363 708
1327 1713
689 962
855 202
490 1635
903 1079
1635 1354
202 122
1783 1613
197 312
533 486
1624 956
1071 525
271 1327
1417 34
380 481
380 680
634 1140
1865 1339
67 119
1029 536
187 68
533 1498
490 270
1787 1624
1001 1704
767 1793
409 187
1789 187
1060 1789
758 1070
110 753
767 964
1787 1478
340 1055
531 1417
524 1140
315 386
1258 25
436 286
1797 658
555 197
510 486
1188 1671
1548 1410
753 580
629 426
640 1199
1060 946
1188 1081
1635 853
1621 1315
349 640
162 510
1798 409
1188 1405
1498 941
1823 751
964 257
14 555
211 320
1189 1724
1867 914
580 1834
349 267
211 1371
201 1081
1724 1805
1419 201
1189 1666
1869 588
1081 1413
187 492
1867 1211
314 1298
640 12
1517 1865
1752 1476
1044 465
550 1834
801 1410
223 752
268 23
1307 481
640 1559
1887 946
914 1647
941 448
843 1410
996 1559
413 758
1344 465
145 629
553 14
89 784
1339 1034
363 271
258 1413
94 1661
286 1631
1079 397
1887 793
67 664
94 1884
914 266
629 698
1338 1889
581 413
395 267
1001 66
1300 67
288 201
1363 342
448 484
195 524
394 145
1294 1413
1476 53
1492 409
1363 1817
1211 657
331 801
1836 580
758 896
1034 95
758 1430
413 1524
962 755
1327 1501
1851 1887
110 923
1524 1902
531 1045
565 266
896 1472
1020 1045
664 1260
524 870
1721 802
1647 1302
565 371
1340 1020
1870 914
1721 1401
640 1555
1468 1851
1834 1075
1472 1452
555 1516
1659 12
664 1033
822 1683
691 197
708 1131
1285 751
1452 421
46 1823
1208 342
941 1078
1516 1539
395 1907
750 755
8 268
1517 360
181 996
801 845
1540 465
873 550
1371 209
268 738
24 8
1363 219
1737 853
848 755
1033 603
657 1877
160 89
1771 555
96 1302
1065 162
494 657
77 313
941 1527
755 82
482 565
201 862
45 348
1737 218
131 848
128 1647
371 1200
1795 1867
707 218
478 738
581 1571
1103 494
292 1430
1797 1057
478 608
258 564
754 492
1834 357
961 195
151 58
29 853
822 1897
1234 478
1680 360
71 95
577 1877
1834 1465
1539 282
679 448
218 1642
1075 61
866 1680
637 1079
901 679
396 1344
164 209
982 1417
357 1021
1699 1836
1823 87
1492 1435
45 1191
1737 1304
1435 1750
1414 1034
1073 151
1694 608
905 23
1057 656
789 862
1642 248
1557 1188
629 280
113 1414
1613 1766
639 1234
531 614
493 160
309 493
29 948
776 181
578 1516
1737 702
672 776
1208 874
1465 1309
1077 608
1819 164
1117 1721
433 113
1072 1040
23 919
1699 404
932 1081
702 682
205 1642
1527 995
216 1045
367 371
440 789
1886 367
1213 1694
1300 1355
975 1103
1117 681
932 543
1529 1021
943 216
845 794
738 1204
87 274
1314 1539
1271 769
1459 681
1414 947
640 310
620 1117
1340 1833
454 280
245 205
1605 1065
1412 1435
691 91
1419 674
914 695
707 1871
129 218
128 1681
465 1644
367 1003
618 776
1003 1286
1871 1278
1892 543
1004 896
483 310
1389 1501
1255 270
1016 510
1893 440
932 1847
874 1579
1871 353
955 681
757 1819
1644 1706
79 309
95 225
1278 221
742 1699
1460 1077
283 493
1470 1401
351 310
265 91
1900 1910
1376 577
248 328
342 594
846 524
1280 95
532 1750
91 475
1871 1582
69 225
8 900
845 1093
1455 96
245 737
684 1057
1908 1200
232 656
901 1640
983 216
1419 1480
1167 396
618 1115
838 1694
1435 1772
481 1185
1860 493
838 1813
569 1642
1562 1480
672 1215
1339 1083
1460 269
305 1255
154 1131
351 52
1389 567
531 744
864 567
1219 1813
1572 433
1815 1072
1703 77
943 763
724 1680
500 1093
1169 569
52 41
131 1603
876 955
1392 1278
1073 497
100 1412
189 1185
1870 1830
796 500
1021 336
1374 569
298 838
1328 100
1169 1329
1618 569
684 1811
920 454
225 56
943 1429
864 183
1167 1301
1771 537
1552 1557
1460 549
1851 1899
1450 549
184 901
430 1893
454 1209
1900 993
128 1319
1589 543
1811 809
224 1328
1847 1610
1329 1074
430 78
876 1725
71 179
140 131
42 1255
611 1412
336 228
360 841
1870 1054
1543 763
1108 1539
74 1286
1522 353
1526 1108
1033 880
64 1635
1319 1762
1269 1167
1400 78
1209 852
1572 316
1863 184
245 705
1397 993
1073 815
1450 740
592 140
1811 230
225 773
1319 80
534 1880
462 179
860 1813
213 1302
1703 745
1328 721
727 740
339 52
1860 659
196 80
636 1301
229 1374
80 1588
1361 42
108 995
1127 107
1413 467
42 1615
911 41
789 1094
1193 1209
864 373
1016 1841
1275 745
170 740
1893 460
240 567
63 611
1480 547
926 1640
411 1169
10 1579
336 1142
672 1820
1213 541
1810 87
1090 1286
1862 738
891 880
32 240
1538 947
213 1523
400 740
269 98
452 1280
1092 467
755 1335
733 745
73 1209
900 997
1126 1115
353 1303
324 993
1684 1908
565 1454
1662 32
35 1557
48 1275
1788 1772
1209 710
324 1281
739 353
902 1319
1551 1863
1245 400
1444 614
1615 1180
1059 1684
1577 500
336 1701
1092 234
1739 35
1885 1004
230 361
208 549
747 336
1283 1065
1564 48
917 891
1456 1209
45 104
424 1577
71 1626
1810 798
618 1231
1323 74
841 1822
883 1180
210 361
1209 1796
1323 449
446 1054
822 1247
1900 1051
359 1588
563 274
799 911
265 641
1507 1789
1820 728
1546 56
170 1230
1614 298
1851 545
1898 1577
111 793
982 503
549 1535
803 1562
542 1822
361 294
1309 241
816 24
885 902
902 1481
1300 441
683 852
1374 605
449 1332
497 161
212 1127
783 1219
247 1275
117 1126
212 1600
867 161
1600 1765
1577 1584
1255 1068
90 1557
799 272
471 1429
1335 1171
1662 1825
78 1
1748 1551
1780 1193
360 1561
1753 1073
447 1863
919 182
452 1707
1632 1115
1015 196
240 480
225 530
1694 51
1898 387
1535 1341
1238 117
167 1231
449 1556
1242 229
1267 1204
480 1849
1284 542
4 1849
992 1632
1707 1463
647 1615
1780 935
167 1031
535 1065
1093 1259
1723 727
564 1110
1550 721
530 1299
136 294
247 1263
799 1536
1171 1136
1218 911
224 169
1536 1581
641 934
420 545
188 739
1577 693
1486 1231
135 45
157 992
1527 466
1014 1600
1218 1212
1080 920
1385 169
589 1908
992 1027
291 1068
857 1765
1177 79
728 97
1353 707
1013 286
1163 1090
239 1651
1027 1326
838 1464
1332 1844
922 1556
91 718
545 405
228 1383
345 480
1673 1610
1530 1027
1201 1530
1110 445
559 1470
942 1536
1424 911
920 1399
345 99
870 700
730 1538
293 241
1686 188
366 738
354 1094
1562 1483
1538 105
4 402
480 1854
1002 1561
589 1162
366 16
350 1614
339 1393
1174 693
1536 175
712 1399
156 1303
386 86
761 1201
1731 1163
1882 1314
506 1299
1076 700
16 141
1782 1820
895 742
913 1556
704 1142
1155 1263
731 339
1149 239
1475 373
99 174
56 1639
1319 1904
997 1541
1301 39
1475 70
1090 1120
1459 1826
369 1550
1441 700
1748 1711
1389 949
293 415
1110 766
1310 799
1146 1013
466 518
1160 415
1891 992
741 1673
546 82
1086 1463
1897 1133
1350 230
1424 1547
782 1385
1323 929
1839 1811
1656 731
1507 261
542 1487
1556 760
32 910
174 148
869 1662
1728 1120
741 1313
214 1444
1842 1662
1744 189
1866 265
437 1483
1639 632
1553 1765
10 85
1098 1552
978 1547
878 500
877 182
103 867
1349 283
690 1090
1765 507
1682 70
1541 106
406 1441
144 99
203 1780
1841 1903
1243 1707
1011 471
618 642
333 1744
261 552
1844 1166
1525 718
1820 1226
1533 216
782 1495
1904 1154
1608 1908
1415 1400
235 51
1768 1656
80 1716
220 214
1464 1868
1579 198
856 475
618 1749
1773 761
674 797
537 765
949 988
632 153
379 1561
411 362
1399 1458
1711 1268
1174 1732
1166 560
589 1196
850 1656
832 611
924 1724
1826 1784
57 293
435 1464
1331 1456
1645 1385
506 893
333 414
366 1853
1209 1037
406 963
859 1711
1649 353
785 1350
1220 1784
1460 1380
1882 476
55 1120
1577 1479
528 542
316 1348
883 1147
1388 541
422 832
730 1471
1723 1466
1393 1025
1007 910
322 859
1421 1160
1636 148
1882 1474
1243 649
1641 1608
792 32
112 718
1902 1237
519 406
710 621
602 992
1773 968
1687 1218
1786 1350
1667 135
859 192
542 617
1138 91
730 1123
765 1569
161 408
842 1687
1310 633
1031 370
473 1421
717 272
1463 1593
953 766
1269 1305
535 199
323 144
305 412
626 519
1474 47
1888 1495
24 290
217 323
204 917
385 1454
414 1518
1769 415
1275 648
574 926
713 174
953 1757
1881 1007
517 518
1903 194
480 570
549 1873
1006 1543
1569 562
1166 756
157 1566
305 884
447 1514
1546 1560
1896 842
572 144
1709 1547
906 572
1134 700
1583 476
167 1390
126 291
65 1390
362 434
378 1271
1634 838
509 1275
109 549
1425 1390
106 1423
1212 391
329 112
51 393
1608 330
370 630
1096 797
517 72
1512 924
467 44
1366 1466
1730 1284
1873 1047
164 403
1569 722
1491 832
1128 1349
1116 1366
73 1630
1715 203
73 840
635 1903
16 1265
1345 648
1512 1690
953 134
1903 686
792 1356
355 473
630 1767
897 1237
1356 254
405 670
893 660
1757 1485
1196 30
546 939
37 378
13 717
1053 406
1531 148
435 38
1541 1738
1906 1786
1289 73
1719 633
953 933
1116 1609
1433 939
892 403
663 963
759 203
1043 1667
615 1531
76 1390
1566 50
472 1853
950 1201
461 39
562 1367
938 1160
1423 1890
713 5
449 788
1573 1356
644 1383
1331 2
1173 942
1493 939
922 1012
1390 566
422 1409
1399 1520
624 1609
671 663
1593 1513
155 1641
1383 1122
1225 359
1786 1352
1422 518
134 1106
412 1244
1509 950
1436 1715
511 671
191 765
7 728
1402 35
981 461
1106 40
473 994
1719 714
1646 13
571 949
1553 729
278 686
647 1462
732 570
527 355
1700 1051
670 931
198 1104
1243 1575
1403 846
1847 321
1292 1444
2 1803
1175 1305
76 389
1728 1101
1098 945
327 1053
1909 65
1416 1136
1685 1584
660 1660
1861 1476
653 722
1782 1236
458 1086
31 1641
13 1856
299 1247
611 585
650 1292
1252 1553
1878 931
586 1310
1827 1685
921 850
167 1625
1048 50
1175 1585
723 48
1154 548
403 358
1802 422
1853 28
1853 1506
1250 134
1488 103
204 1256
425 1421
1147 771
6 1456
1394 403
1037 474
238 38
1670 1684
646 134
28 1224
1244 133
939 1742
6 1438
585 1228
1276 1573
235 1254
671 256
1622 877
295 1047
1076 418
639 1497
1687 1812
739 1677
1473 765
1909 352
1427 133
20 624
1698 1890
92 563
654 920
1807 1048
1116 382
1470 645
1186 1244
1018 1812
393 1879
499 1252
1388 1386
677 686
138 1236
714 1293
1625 1440
186 7
811 355
1232 1531
9 1518
472 1729
1067 832
427 1230
457 660
539 299
818 1048
1701 431
538 1729
1709 1157
1448 1252
511 407
649 455
472 3
1830 1336
9 1439
1347 1173
519 959
1159 1531
32 1248
1730 775
1362 1348
114 1906
1857 884
473 1443
458 381
244 434
570 296
872 1882
1768 904
1760 1547
1487 886
1656 1195
1053 918
897 514
1698 556
1564 459
823 1332
1113 1890
703 1677
352 1606
1755 884
1256 1469
1084 1002
1311 235
1265 1295
427 1144
1048 625
1665 167
1687 888
543 631
352 1627
352 1088
1440 1655
1343 1742
856 416
1638 329
1194 1438
1648 64
1615 1198
306 1409
1293 1705
474 1451
643 1421
663 701
1113 1241
239 273
1660 725
1136 1333
1509 469
1228 17
148 1794
90 423
804 1655
1270 643
1434 217
244 1855
337 274
1270 1097
1101 598
167 489
1794 719
148 575
103 1112
764 1627
976 1608
296 609
779 1794
1440 990
83 1636
677 1229
9 839
337 168
1349 1570
960 1440
851 1117
1101 1183
1593 75
1138 1418
786 1229
1096 43
1773 1369
1097 502
558 888
1109 31
1276 837
350 1282
575 627
1598 1755
378 928
443 1015
1333 343
987 839
85 879
837 21
1583 304
304 1489
1128 1153
1102 1423
1256 27
1587 1584
28 1118
1333 301
1513 774
6 1692
1689 1144
945 1395
539 101
1719 726
697 575
1043 812
1861 1035
1205 1402
1268 1148
1153 808
1856 1100
711 548
1017 552
676 1226
1733 1198
978 1746
1367 1565
1670 81
1619 1514
1483 817
1616 987
665 416
1726 605
980 1237
1818 679
735 1133
1028 1292
2 1432
1585 1026
1567 771
1287 1100
1157 1351
1426 381
142 256
791 186
1678 1394
414 165
1386 940
1443 1039
1779 1873
576 1636
1038 514
827 904
661 1367
1638 868
1088 1058
273 1832
1622 22
1426 989
623 939
1183 777
1062 20
1432 26
1365 1120
338 1506
418 1629
954 1047
1554 1062
1653 327
598 655
566 1312
1583 966
264 85
1436 908
487 1565
1799 1347
1378 1726
806 1422
966 289
1818 1484
1161 1422
419 602
521 558
673 725
515 407
976 1801
370 795
930 40
1890 1192
889 1369
1775 615
1486 1785
1370 1276
780 812
1367 692
1168 278
511 1848
699 459
1722 1896
1253 169
1039 916
1627 88
251 1256
863 165
1342 304
1799 1669
703 887
1586 1484
7 958
1306 1254
950 429
1814 1469
1254 1876
834 44
41 1747
376 699
1515 1312
507 1364
84 665
1390 814
1774 960
716 1159
332 966
1364 1558
1443 456
1026 1743
153 619
1861 372
358 1712
337 132
468 359
303 1645
54 1058
1785 177
1268 706
1746 152
756 1594
368 1138
1148 1759
1672 429
1650 393
251 438
1741 133
1563 1306
748 1248
1087 869
1491 1777
124 103
1012 1334
1506 237
1360 1890
327 925
1438 998
384 1567
1347 568
1519 1312
1262 958
1026 1511
1368 1511
60 1175
259 1722
496 1655
925 937
1088 1381
651 1378
1428 823
1744 1176
1214 1807
474 123
1446 994
874 828
1129 888
806 1727
1178 1043
1741 1000
103 583
972 443
954 1499
1874 1370
902 1318
827 1596
1378 1257
1123 149
1112 805
166 1369
319 1113
1111 570
787 1818
1026 1702
701 1036
1652 998
587 1295
1026 743
1165 692
1443 311
3 1190
1668 22
1675 1165
1063 1194
250 1311
1406 459
1311 1357
130 72
969 1650
623 600
1105 697
498 1665
1676 1352
1318 1170
1088 951
439 560
868 1461
1896 1791
661 1030
668 954
573 1134
1159 986
27 485
1427 1024
200 1560
81 1411
1274 799
1466 974
1005 791
1352 898
1105 1761
442 1515
654 287
116 1747
1895 805
393 513
538 599
88 176
1391 904
1056 552
377 1685
826 377
1398 468
984 1111
826 206
1141 951
1406 1152
1747 1277
222 808
1662 1840
579 1365
438 1574
1577 317
868 1132
921 1717
665 344
814 819
499 606
1130 1005
1705 595
1146 1172
464 731
970 1609
652 1262
1125 1669
281 1277
185 812
514 163
1607 317
1279 1585
967 376
1872 981
1107 646
808 1816
1085 918
863 1734
979 1668
402 1019
1494 416
62 457
150 1876
84 428
778 795
1337 599
1161 1781
62 1778
1111 835
300 1148
1446 1069
1754 1270
1611 651
1082 568
1101 1095
1360 1835
317 1249
1763 1554
1688 979
328 1824
1269 1528
651 231
1483 1221
1695 649
1616 488
275 1019
696 587
190 148
57 1359
1602 1842
1116 18
1321 1132
827 520
1067 781
163 1592
1875 1245
451 1872
799 1800
1087 1449
1058 861
1508 416
952 623
491 1011
777 1114
599 1297
1727 516
817 688
714 1181
1804 1848
439 1266
438 662
1396 726
1091 595
1515 596
1203 1082
871 650
1609 398
1751 13
540 1563
60 1182
556 1542
457 1643
1266 102
1663 1646
630 875
123 1330
1709 1628
1398 1829
527 746
1223 1648
365 834
675 231
596 356
1677 582
831 1734
233 1800
954 616
1421 1828
364 940
616 813
610 1525
1358 675
1482 616
685 181
1800 1216
912 1342
388 1183
243 1113
1428 1145
1445 233
529 875
388 1806
1669 125
1391 1477
985 1719
172 711
347 987
127 1342
222 1490
1494 1745
1505 88
1087 1273
613 951
584 317
694 814
521 1404
1583 1792
279 275
894 364
881 831
1277 1664
673 1375
1239 1306
1144 276
1420 540
1580 651
1330 720
1578 1085
215 222
889 899
1262 551
591 112
1580 15
1379 1763
391 1066
3 1179
1240 984
1114 121
207 725
401 264
1776 1494
820 155
306 1697
1612 1678
375 102
1545 1512
1602 1137
1696 1190
805 1510
1537 591
1625 120
250 227
383 1145
1648 432
1277 1718
1804 1790
1382 1449
1710 1375
678 1122
1650 146
1837 739
1545 335
1387 1882
139 1445
1675 957
1124 875
1334 262
1869
2 9 1 4 3 9 2 9 5 5 8 2 4 7 3 8 1 4 1 8 7 1 4 8 5 6 10 5 3 3 9 8 10 10 8 10 9 8 7 2 4 1 10 6 6 9 10 4 7 8 5 2 7 9 1 3 4 1 8 7 9 2 6 3 9 6 2 2 5 7 7 6 8 10 6 5 6 5 9 5 2 10 4 7 5 2 5 1 5 9 3 5 7 2 9 7 4 4 9 6 7 6 6 10 6 5 9 5 4 6 7 2 4 4 9 5 2 4 6 8 5 4 4 10 6 7 6 2 10 10 5 7 9 3 5 2 2 1 7 10 6 2 9 4 6 3 2 1 9 5 2 2 1 3 3 6 6 2 10 5 5 4 2 7 6 1 7 5 6 10 4 1 10 7 7 2 6 8 8 8 10 4 5 8 8 9 6 3 1 2 9 3 3 5 9 9 4 6 6 5 1 3 8 5 9 6 10 4 10 6 4 4 9 2 2 1 1 2 2 1 8 7 4 4 5 8 7 4 4 1 8 7 4 8 6 6 2 4 6 2 4 3 1 4 9 5 8 9 7 8 8 9 4 6 9 6 9 7 4 6 4 10 6 7 3 7 9 4 1 3 3 5 8 5 6 2 5 9 7 4 4 8 8 10 1 1 2 6 6 10 6 3 6 5 8 9 8 7 5 6 2 7 8 9 2 6 4 2 7 9 4 9 5 2 8 4 4 8 7 3 7 4 4 8 6 10 4 10 2 7 7 1 4 7 6 7 3 5 2 1 3 8 3 7 9 10 7 10 9 4 10 7 5 3 5 1 8 1 2 5 2 7 8 7 7 5 1 9 1 1 4 6 10 4 10 8 2 4 10 5 4 4 1 10 9 10 9 6 10 4 8 9 7 3 10 6 8 2 9 3 8 6 10 5 1 3 10 6 8 4 9 7 10 5 3 3 4 4 1 3 9 2 8 2 2 8 3 7 6 3 5 1 1 7 5 2 6 10 4 2 2 2 6 8 8 8 4 1 1 9 9 8 9 1 3 4 2 9 7 9 3 5 6 9 9 7 7 1 5 2 9 6 8 5 4 8 4 8 9 2 2 3 9 5 9 4 2 1 4 3 3 10 1 7 4 5 8 10 9 8 9 3 1 8 4 1 6 10 6 6 5 10 7 7 6 7 9 4 9 4 6 7 10 6 1 10 3 6 1 4 8 5 9 7 4 6 8 5 4 5 2 10 10 8 9 6 1 7 1 1 2 8 5 2 10 10 3 1 2 6 1 9 10 3 7 1 2 4 6 6 8 3 4 7 8 3 5 10 4 7 3 9 6 7 5 9 6 7 7 8 2 2 8 8 7 10 2 10 10 4 8 8 7 3 6 3 5 3 1 1 1 9 1 2 7 2 2 10 6 3 5 3 9 3 2 2 10 2 10 4 5 9 1 5 6 2 5 10 4 3 5 8 2 10 9 1 10 9 3 6 10 6 3 5 7 1 3 3 1 6 9 5 1 8 3 10 1 8 3 3 8 3 6 2 9 4 2 3 6 2 7 5 6 1 5 2 9 6 6 8 8 5 4 2 1 7 5 1 6 5 10 9 10 1 3 5 6 2 10 4 5 7 10 7 6 1 8 1 2 1 8 1 5 3 6 8 1 10 2 4 2 7 9 6 6 6 10 9 6 5 4 7 1 6 4 5 10 8 1 9 6 2 7 10 4 4 9 1 7 6 2 3 5 7 7 9 6 9 3 7 7 1 8 3 3 9 2 8 5 10 2 8 9 7 10 3 7 1 9 6 4 6 3 6 8 8 4 10 7 6 7 2 1 4 10 2 6 9 5 8 5 2 1 2 4 4 1 8 5 9 1 7 1 6 6 3 6 2 1 1 7 5 6 6 5 7 8 2 2 8 1 9 3 3 9 6 2 1 8 1 8 4 4 6 5 2 9 5 9 6 10 4 9 3 5 5 8 2 10 9 5 10 2 6 3 1 4 7 3 2 5 9 5 7 8 4 8 5 2 2 1 1 5 5 5 5 7 8 6 3 6 8 6 10 7 2 1 10 7 3 7 8 8 10 5 6 5 2 8 3 5 9 5 7 7 10 1 9 8 2 3 8 3 8 6 7 5 1 9 5 1 10 1 1 3 5 6 9 2 6 9 5 8 5 2 6 9 8 1 3 6 9 8 3 3 5 9 5 10 4 5 7 10 7 4 6 1 8 10 2 4 8 4 10 5 6 8 2 10 5 1 4 6 3 2 10 3 10 9 1 3 3 9 4 4 4 2 10 4 9 2 7 9 9 10 10 5 4 5 4 9 5 7 1 3 1 3 2 5 10 1 7 4 4 6 4 10 2 10 9 6 1 2 6 5 4 9 3 8 8 6 7 9 1 10 9 3 8 8 5 5 3 1 1 3 10 6 6 1 6 2 3 4 1 10 10 5 3 4 4 1 10 10 9 9 8 10 1 6 4 1 8 1 5 7 7 9 8 2 7 7 3 2 8 1 10 8 3 8 6 3 10 1 8 1 3 7 8 10 6 3 1 10 8 1 5 7 7 9 10 6 3 10 4 9 5 1 6 2 7 4 4 10 3 10 10 5 6 4 4 7 3 7 8 10 5 1 3 3 5 1 2 8 6 6 8 4 5 3 1 4 1 9 4 2 1 10 8 3 9 2 2 9 4 10 5 4 9 4 7 1 2 3 8 6 5 2 6 9 8 4 3 9 4 10 2 4 9 3 10 4 5 9 8 2 2 6 7 8 3 10 5 4 2 10 6 4 9 1 4 4 1 8 9 2 8 8 6 5 2 4 3 2 1 8 9 10 9 6 9 6 4 6 7 1 5 3 8 10 2 2 6 4 7 7 6 5 5 5 9 1 6 4 3 3 9 8 4 10 9 9 9 4 8 1 7 6 8 7 5 9 4 7 7 6 10 3 10 8 2 5 10 2 5 6 1 8 8 3 6 5 3 1 7 4 3 5 8 5 4 5 3 5 4 4 3 10 10 5 2 10 4 7 1 2 2 2 10 6 8 10 9 9 8 8 8 4 9 4 10 7 9 4 8 4 1 8 9 6 4 8 5 1 7 8 8 8 1 4 10 3 10 7 5 1 4 7 7 5 1 2 4 2 4 1 9 9 7 3 10 9 6 2 7 10 4 10 8 3 3 5 5 1 10 6 2 4 9 10 9 3 6 2 8 5 4 4 3 7 2 2 4 8 2 4 6 10 3 7 6 9 1 7 8 5 10 10 7 8 6 8 1 4 1 7 2 3 6 4 2 2 3 10 5 5 10 8 2 5 6 6 4 9 6 7 7 8 10 10 3 7 8 8 10 7 10 3 10 2 1 5 8 1 5 1 2 2 8 4 4 5 6 10 6 5 7 8 4 10 4 3 2 10 9 10 3 1 9 9 4 8 6 5 8 7 2 7 8 3 4 2 5 8 6 1 1 5 5 10 7 9 8 7 5 1 9 4 10 10 1 8 6 4 5 1 3 10 8 9 5 8 3 4 7 9 5 1 2 4 3 5 8 6 3 6 4 2 7 8 5 2 8 10 1 9 1 4 5 6 10 4 3 5 3 2 7 3 7 9 7 1 1 5 9 10 9 6 1 9 6 2 9 10 7 3 3 3 4 4 8 1 9 2 5 4 5 5 5 9 4 8 6 9 3 9 1 1 1 2 7 8 2 6 5 1 1 7 3 6 3 1 9 10 7 7 1 4 10 1 3 3 8 10 8 4 10 4 6 3 5 9 5 3 7 6 3 1 8 1 6 5 4 8 5 4 2 2 8 8 6 10 5 1 6 5 8 8 1 7 9 1 7 9 2 5 10 9 9 5 4 8 10 9 5 4 10 9 5 1 5 4 9 3 1 2 7 2 5 7 2 2 5 4 5 2 9 2 10 6 6 1 4 8 9 10 9 7 1 4 3 4 3 9 7 7 7 10 7 2 8 2 1 3 6 4 3 7 5 7 3 3 7 5 5 4 3 4 3 5 4 2 10 1 3 7 9 8 2 6 4 3 4 6 5 3 4 7 3 5 1 10 4 2 6 8 5 7 7 2 10 9 3 5 4 6 4 2 10 9 8 1 3 1 4 5 10 6 4 4 6 8 5 3 5 10 3 7 10 5 8 8 4 2 7 7 10 5 5 9 9 5 2 7 9 9 6 6 7 9 6 6 8 5 10 8 6 8 7 10 8 10 4 4 5 2 7 4 3 9
86 1806
86 935
935 816
935 1174
1806 309
309 659
659 1583
655 1583
1583 1710
1174 566
1524 566
618 659
659 977
618 1737
636 618
1737 859
1524 221
700 1737
1524 903
913 859
778 636
1639 636
309 206
543 1524
673 543
1583 1267
1244 655
977 105
903 823
1639 1126
673 1039
558 913
859 463
578 823
438 823
1428 903
859 1487
1039 917
1428 1170
1039 457
618 1793
206 711
1188 578
1695 859
693 463
655 1629
872 859
1428 1775
309 1761
604 1487
1159 578
1179 1428
636 831
711 226
429 438
455 1179
429 1409
429 228
159 1267
256 1775
105 944
438 477
1071 1267
1071 1031
438 1318
256 1825
556 823
353 1071
1825 285
1071 104
1524 1443
122 1761
558 1827
872 716
1091 353
429 611
1793 499
909 831
611 1317
1509 477
162 1509
105 348
1376 872
693 1432
1179 324
59 1318
716 258
1188 124
202 348
700 9
1134 909
567 202
1376 1005
336 463
636 1101
1322 336
578 1528
228 1587
1738 1528
1156 348
803 823
1101 186
1738 1520
1821 1005
1451 1587
552 578
1014 1520
336 203
872 887
220 477
1581 556
611 1812
455 637
1321 1159
224 1005
803 16
147 1761
571 887
643 1629
1101 1855
771 1528
1581 712
1771 543
1039 1709
552 537
1593 1695
1091 590
803 719
1219 719
1043 700
803 782
951 1827
584 1825
782 1836
793 1428
950 499
1795 1443
1807 353
643 1304
1713 1738
1175 224
637 1859
1587 906
1134 794
203 1331
224 134
110 348
1617 537
691 537
1588 147
322 1219
202 1063
228 1330
643 593
1847 203
1039 133
1330 1119
104 1217
1104 691
885 1617
1645 124
782 1399
1322 1335
1617 248
133 1056
1247 463
322 406
1217 1801
129 1709
719 1240
353 1621
1458 571
1331 1182
691 1149
8 712
1855 1822
1617 294
1308 1247
590 1213
1798 951
1219 1674
1363 336
1318 1440
1855 878
1512 1318
1815 457
1781 1617
1847 302
1686 133
1621 102
1134 1862
537 731
1147 1617
869 1645
731 169
1674 1620
347 712
1815 1499
1292 1147
224 621
461 1528
499 1394
623 711
641 224
1151 691
1862 632
305 406
1151 57
363 129
1055 1056
1827 1227
1144 224
472 1509
1149 633
1822 209
1440 356
1509 766
354 1847
392 1451
1104 401
917 971
641 1419
344 224
1206 1247
1144 894
875 731
580 1419
443 348
1597 1419
1219 49
1828 1807
1487 1834
1294 719
1736 1807
782 965
1337 1335
1709 252
965 799
429 1098
1440 1424
3 1188
620 1175
477 701
1002 875
1750 1512
446 1331
1822 1233
1597 1275
621 157
938 354
1046 1322
1736 114
1620 954
49 921
878 304
1337 1109
1399 1696
498 1499
1593 1740
1376 269
1509 1118
731 1418
354 596
1213 686
570 1363
909 427
1440 43
401 1045
1055 1094
1233 1515
62 1740
1185 1308
240 1528
1834 877
1150 1696
701 1657
223 686
226 522
1807 1579
1318 486
1727 1713
240 780
302 312
883 43
1499 136
252 1718
223 1180
860 633
220 1829
517 1828
557 566
358 1213
1278 1180
1836 1564
312 270
716 195
1399 1345
486 728
556 1204
567 1739
1335 1172
9 733
568 1443
427 1707
557 645
806 110
1337 13
796 522
335 1807
1410 122
358 974
1180 867
1410 214
1215 1829
5 162
1045 989
545 780
555 1185
1824 1308
1791 304
392 1439
112 1409
624 731
1836 1036
723 347
169 196
112 1282
990 623
1234 1418
363 1506
1798 1692
766 922
1762 869
906 77
1559 522
1052 1247
354 769
312 387
868 555
62 1265
1103 387
1539 868
1727 172
1424 362
590 1030
83 1215
62 1009
1465 731
622 172
399 1828
520 57
1815 1341
1841 1465
785 49
590 418
1046 853
1804 853
427 918
953 3
643 976
77 101
1579 1033
1151 1691
707 1738
1385 1696
785 1192
1665 1118
1777 252
1101 1856
1790 1206
312 958
798 922
1634 1182
472 1659
1009 1319
326 8
1465 115
1822 1866
868 781
425 701
796 1633
1204 945
594 1399
1866 36
1233 1048
660 1175
1777 713
1227 598
55 1045
1336 1804
212 568
1078 1213
1029 799
691 755
302 528
102 1513
1319 678
208 1170
1550 1192
630 406
1515 449
1282 524
392 1389
1094 243
634 122
660 997
990 1342
701 369
1830 1109
1102 686
1689 1030
1401 1102
1718 544
1026 322
67 212
344 135
258 542
964 1458
1794 634
927 594
1278 216
1102 436
1057 472
1024 1588
1061 446
1046 1086
511 545
375 1102
686 25
1030 866
1740 1598
667 1866
753 358
645 1730
1200 1322
781 378
1033 1482
974 1554
1740 1095
13 1546
1597 1084
1425 667
796 1572
317 557
487 425
1307 1794
1526 1046
1634 1390
545 1585
387 297
443 912
211 1217
976 1250
1687 1526
1598 1699
964 1383
136 992
208 521
344 1312
1450 1824
694 1691
387 1196
1345 1772
652 556
898 731
244 1029
369 1627
1597 884
1388 1102
1515 1560
763 1738
528 1749
1307 1495
1063 900
600 1450
707 81
75 1495
1110 358
1110 512
228 1502
8 1490
740 798
1154 1629
239 1385
33 498
1156 550
954 450
1646 1250
244 1514
786 1182
1391 1633
853 1329
1689 1324
1315 317
169 1074
1066 369
878 1311
427 1651
912 1403
1444 1319
1144 956
128 528
1639 1700
1550 489
1137 992
991 1063
1790 1115
1439 405
1739 1295
594 1602
1341 21
1180 430
450 1489
1311 1392
1390 1577
1215 847
1777 1369
1093 1389
317 1400
374 898
1025 304
740 619
786 1396
1513 1019
1036 1220
1459 971
278 723
1296 1102
1651 445
842 1791
539 853
808 1598
25 1574
1836 1123
278 1635
1541 1418
611 1277
855 1772
1078 1479
1574 720
1124 1093
580 97
1127 1855
1425 68
495 1772
792 1331
1771 1340
1146 785
1390 1382
1383 142
576 1686
1731 1621
883 1517
1288 511
792 1252
20 1546
1252 94
197 976
713 680
1652 766
317 513
1501 539
1773 512
1051 1215
831 175
94 1630
1312 265
1598 1504
25 547
135 330
507 1278
520 999
1261 719
1290 1388
97 1711
1292 121
1544 921
85 1124
945 664
1766 576
1446 1689
207 1515
1595 733
1607 1602
1687 1553
1694 1598
1146 1478
930 545
1469 1296
1100 1295
1807 364
645 820
2 297
519 1490
781 1518
1080 1294
1233 1723
1804 108
651 128
934 550
1337 1238
1345 1393
1716 1713
712 1301
660 1780
1723 1073
1790 402
1516 1282
851 1620
1752 1151
958 137
1388 1032
701 368
1432 230
656 868
2 1745
1416 820
781 1796
95 36
264 1731
1471 547
1558 806
542 1274
945 1168
192 402
1393 426
272 786
1730 1568
503 67
101 435
48 660
185 954
254 207
936 1086
1512 1675
1110 1235
942 1829
1461 1752
756 503
269 391
1731 1153
634 1763
112 1334
1627 767
1100 386
979 1425
57 1125
617 13
500 1410
690 1489
26 1659
1459 654
768 519
555 355
1461 508
1756 1517
1699 1776
63 503
1137 1368
1127 1333
1225 55
1410 790
1815 1467
1294 529
1036 1719
1222 898
422 63
483 851
1467 821
491 1125
1411 508
870 690
1193 796
1670 1252
520 1613
671 1630
487 1786
610 305
1100 1584
1820 214
215 1554
391 1417
1650 611
1393 444
868 862
1073 1216
1783 368
934 1589
532 1651
1425 703
1544 385
458 1337
1182 52
1081 425
1397 1856
1410 227
929 55
1786 283
1598 1603
1203 278
821 366
756 153
1654 884
433 1465
1568 1350
508 1782
283 871
870 1844
1496 1674
585 1496
376 733
908 1389
214 597
27 49
1862 234
379 964
1479 749
979 50
1789 1489
1276 1730
292 693
1760 716
710 1620
1756 1714
448 792
1626 1504
1465 531
1848 1762
346 1410
1253 128
1827 1077
1686 757
1786 1406
1754 1692
1123 642
1253 1211
1608 1146
792 80
1595 473
888 707
304 695
108 730
1242 1652
749 509
1319 1034
238 1553
1482 451
407 871
999 1770
1474 757
507 1616
703 308
117 1077
1758 252
440 97
1114 508
1783 1684
740 1799
720 64
1464 1278
511 514
527 1650
706 1630
986 495
1766 1293
1229 1056
280 1745
1301 1571
1444 937
981 392
964 92
1233 1364
137 1861
688 979
864 252
290 1211
1467 518
471 13
1335 490
1229 1663
864 1529
1779 254
755 65
1401 190
1762 835
1626 1155
718 1392
1211 765
1773 1576
1085 1295
222 1411
1081 1435
1296 1270
1200 1765
929 99
1665 154
1311 1521
1734 1270
404 283
427 1152
1216 661
1195 1687
92 886
1183 785
1054 781
1332 387
1835 20
1758 284
1270 210
1062 986
13 1105
1044 1388
1517 1286
1195 460
987 491
1649 265
828 821
782 717
426 773
829 1756
447 284
1660 1435
1202 1861
1796 454
481 871
976 649
1340 166
1016 870
330 474
547 286
1829 415
393 206
1270 1605
1267 333
777 749
999 464
15 1529
339 1450
1628 474
1259 239
1427 1616
1398 407
362 42
1675 1543
570 18
761 1613
940 81
1552 1763
369 1594
1492 27
529 947
907 265
204 1613
1569 517
333 1017
830 777
339 1037
1708 222
366 437
166 1395
1439 1601
1122 999
725 363
1836 789
1680 1501
629 1782
166 1422
1613 282
44 630
880 870
1153 1703
21 98
1492 237
1122 113
10 1601
912 505
453 1037
937 1667
613 921
1660 1681
772 368
610 1310
1497 212
1534 987
244 281
1841 975
1866 1562
409 1836
1349 725
292 504
1573 651
1755 208
1479 805
97 350
692 283
987 1519
101 31
807 282
764 593
426 501
1338 282
1809 1755
1090 1295
27 810
1149 1693
333 1354
1497 1819
443 554
801 252
657 1146
522 1503
491 525
1303 1680
429 1840
267 1424
466 610
1351 64
1180 760
569 1081
254 1431
1543 299
981 328
119 866
1774 864
1610 1002
1483 1056
730 273
1604 1613
1028 1504
739 1496
1196 533
1658 1752
453 37
409 496
1602 341
874 42
1618 1568
313 600
160 1483
1312 365
509 644
291 1369
805 1218
1529 1811
729 1276
708 801
307 99
864 586
605 1553
72 1333
987 824
1222 745
1522 192
369 388
1269 1086
683 27
1439 743
328 397
404 161
1076 981
1699 551
436 699
754 1235
380 1028
340 1238
37 579
1152 1715
1725 142
412 1824
1533 1222
1115 118
723 250
503 1455
371 829
828 914
950 741
1319 181
1584 1724
318 1398
282 1186
1283 474
1801 1473
881 1078
916 1122
1107 1369
271 1534
1492 1387
1648 824
1865 1269
1115 639
476 160
908 329
32 1296
599 1618
1747 1681
460 187
1810 460
1110 167
1846 1411
402 1701
946 473
888 1647
77 747
830 1746
367 472
1545 1755
1663 47
1586 649
1564 748
657 1356
801 184
1559 201
180 829
924 1398
572 922
776 1865
841 1663
956 857
599 383
459 1431
447 1449
685 454
789 1088
9 715
729 1135
1553 1853
559 504
579 361
32 744
1249 129
837 1307
1054 1280
1218 479
804 1269
1388 1128
1803 1562
381 613
1426 1497
56 835
1106 1334
67 1463
684 113
921 1214
1622 471
1131 308
377 533
817 568
844 1463
981 939
505 1462
758 240
1167 458
1563 481
311 371
968 1469
1274 1087
929 251
1794 253
473 614
818 251
18 627
138 1290
639 420
873 992
1548 912
1618 1190
856 1548
725 1060
379 1187
1328 1334
1644 1288
1716 78
464 1868
1433 885
1435 1199
1623 440
1072 572
1053 374
627 71
532 1797
1754 58
1434 367
1648 1638
357 489
1496 1042
400 1703
1008 1063
422 536
1777 1535
1324 296
1290 1205
468 1647
98 60
605 882
1291 508
1641 1786
37 1566
1243 1431
1662 804
1632 1618
988 1605
1486 361
1155 813
19 1515
842 978
730 1176
1051 982
1703 331
1505 1295
471 1732
967 1008
1400 1507
1382 1852
1724 1166
1453 505
296 40
115 784
53 1560
761 1600
849 1080
183 1786
46 1045
250 919
445 1089
607 792
851 173
242 1269
1229 1668
345 572
1435 1837
1622 738
529 1826
1207 877
1704 699
158 620
125 1078
879 357
139 15
1426 236
1374 1005
1258 1294
504 1702
251 334
594 746
1853 1289
277 1149
217 18
384 723
189 763
625 183
116 448
171 1680
143 384
1301 103
71 360
1669 857
899 536
582 299
940 970
1641 1823
12 934
817 130
1792 166
1459 770
1030 323
1120 53
924 411
60 1851
784 1366
1768 533
1808 1310
1341 850
982 123
1770 1000
541 1033
199 1819
1106 827
1085 1525
1149 342
1351 1666
160 865
99 833
1035 1780
241 1617
1685 1340
847 722
1105 969
355 1117
556 298
519 973
607 1531
183 1445
844 1637
924 1367
814 1483
1425 1720
79 1607
1548 150
98 390
393 1067
170 849
178 454
822 661
380 1070
911 552
1658 73
945 838
1553 35
651 1722
145 796
198 1660
95 1164
929 843
1441 1072
1248 278
1221 1195
1792 1578
631 1662
1140 1060
408 481
991 663
24 1187
1022 31
783 307
1595 1047
321 241
266 536
924 231
516 772
1567 1026
1080 1624
337 1604
1106 434
575 1277
176 744
1177 1235
1431 1306
827 562
325 1016
762 813
114 595
263 1844
236 603
1302 627
1353 150
509 1232
1130 1724
940 506
1729 1638
961 706
706 815
15 1209
1369 1448
1343 842
1748 1445
1223 1186
574 642
343 1799
255 166
316 762
125 200
601 460
806 1596
970 666
148 1203
708 452
921 276
1037 1236
205 265
493 1232
63 213
1097 1090
756 1611
422 1064
628 371
1753 870
18 225
1537 199
1285 899
1112 830
1284 1073
593 1442
1167 1656
765 1698
1367 1038
1769 1589
733 538
779 178
1076 1672
841 289
1216 836
1129 384
1192 1226
253 802
1746 682
1615 1518
448 1785
1051 1327
677 1525
74 1709
1312 890
1540 916
40 1437
1198 708
1138 529
1799 66
1680 534
22 1411
937 1287
551 1178
1703 1679
1408 77
1412 1038
1351 1592
1035 669
1466 1618
709 205
351 170
1372 1284
721 74
319 1613
1037 6
1323 1248
715 787
706 616
1538 988
343 1642
1377 1089
39 745
1542 652
1843 1302
500 704
1796 834
1488 1654
1533 774
1042 1742
1075 582
934 1839
815 439
191 199
320 814
319 1436
74 897
1201 830
34 753
708 1348
170 1239
82 1287
11 466
88 1729
165 1397
1006 280
752 919
1691 984
579 1141
173 1402
1444 111
201 904
602 1853
740 1833
1223 983
106 1715
1377 96
296 1208
219 1214
1530 1589
895 439
235 1783
1615 45
359 1403
15 257
1338 852
770 310
73 1139
957 868
1675 1132
1751 1434
262 58
1825 943
238 1741
187 546
247 138
1402 295
1027 747
1640 1670
943 1690
1142 74
759 198
960 205
1555 241
970 1787
1485 361
815 260
791 1306
1287 421
982 742
1003 1047
1795 1241
1035 410
1730 1194
488 1303
565 1019
1209 1864
606 123
804 1231
1064 1145
365 1802
1387 396
1721 1221
1845 572
1653 1214
155 786
359 1386
447 1158
491 1814
1678 1548
108 1788
219 1111
1452 1448
647 1719
829 896
200 515
1208 1357
374 1148
886 1565
1206 338
247 734
1849 1684
177 669
1139 689
95 1676
1083 968
936 587
742 583
1690 1456
685 1136
1466 1161
650 1083
303 1699
408 1099
1430 367
382 111
1358 572
742 1082
1365 1214
182 686
526 1837
819 374
1371 1365
1157 729
729 1858
1636 756
1401 662
1577 846
1181 1554
54 1802
279 180
1306 1557
1160 1412
682 1251
952 1779
742 1384
1582 235
483 1726
1807 1867
1437 352
1869 684
981 1378
413 688
1591 1129
1022 626
1481 1753
141 1251
140 860
676 1538
1786 638
1774 1023
687 1672
1054 1606
1776 84
398 1533
74 1472
163 855
1309 961
1519 1344
265 372
1441 732
246 1755
710 127
1863 783
194 1711
845 1395
38 519
1792 462
1143 789
1230 199
1673 1387
1569 259
11 795
352 109
1243 1255
1850 1310
1865 825
1272 741
827 928
1599 754
442 1861
1184 539
825 416
205 152
1178 1352
1365 1536
839 1748
565 681
1259 1682
377 1189
1813 1762
675 1548
1246 805
1596 497
1518 1405
1480 1400
373 1530
1256 795
1187 955
61 1779
1076 70
1492 403
408 848
600 174
547 635
1590 1578
548 1536
218 1474
1797 535
1096 1259
87 1274
1347 721
1173 1214
1346 82
232 118
1299 1306
1373 908
1683 939
1184 985
1423 1636
560 666
763 1041
529 949
106 1818
736 377
1127 1728
1826 1767
1460 359
788 985
1671 1564
1826 229
332 386
1273 1164
1682 1817
647 1313
1007 681
232 1092
995 235
88 1468
1556 295
1802 1268
291 609
758 1260
1092 1454
670 1813
1712 1377
1237 1468
1121 398
319 1743
1064 193
1254 352
199 482
1790 1316
959 1839
1565 932
51 1007
663 349
920 266
549 45
960 702
591 138
1101 705
478 257
90 493
994 914
1096 1370
432 266
572 1510
1538 1050
1113 1237
805 1004
647 553
93 1356
1415 209
470 277
1480 797
175 1263
37 1040
484 1022
1839 1162
327 828
1009 394
762 775
761 126
523 139
1545 812
67 592
1013 669
1414 1702
561 1201
609 564
130 389
1858 1163
726 1080
1130 1551
1414 1245
35 1805
683 315
993 98
963 1725
1493 219
953 7
948 1230
103 1784
109 931
1079 48
1575 1507
1141 1511
1733 1422
908 76
1139 1677
1012 87
1407 1081
743 1854
1570 194
1841 714
1177 1001
10 28
553 1757
533 428
1624 698
1257 145
185 1279
1010 1739
998 1782
107 1204
1199 300
1314 307
891 386
1744 33
1688 50
1238 1375
1361 1478
759 668
901 1136
959 750
1230 1404
1433 653
233 113
1498 36
1723 1171
1339 1615
1107 1475
563 553
727 770
741 1305
1838 955
820 1705
394 1413
414 174
626 314
1693 1759
1664 1280
1365 665
749 925
1108 1732
1857 1505
572 1494
1169 1044
1842 1027
310 1643
303 1764
646 1093
17 1700
966 442
1831 1854
179 920
1298 314
616 1355
918 672
530 1201
840 1803
1614 1688
373 1058
1069 802
1841 441
1415 1133
404 1018
737 1427
996 1194
287 476
1818 1491
926 1864
1726 1011
1832 594
1561 1168
811 774
741 131
546 1476
648 931
982 923
1371 1631
863 508
1776 1228
895 1625
1110 419
91 96
1756 735
357 589
1211 370
1640 1457
146 525
96 1212
588 1531
249 1721
1347 4
948 1359
1300 1560
340 889
1263 275
480 1043
510 884
395 675
1816 532
79 893
1580 923
1029 941
41 1255
291 696
259 581
431 1631
29 725
1320 1405
358 1523
1638 100
615 1096
1549 236
1717 1526
1049 1358
1619 1305
333 475
972 993
1774 1266
959 1527
563 1
1711 1381
1169 467
249 1447
398 245
679 1001
654 293
892 840
854 311
1742 697
1313 1661
1719 30
648 800
1609 1320
1557 1068
557 1470
1573 164
1360 466
1236 288
132 1510
573 1551
1477 1054
608 11
563 156
1612 1287
724 610
988 1735
1271 1309
832 896
577 764
47 1532
619 485
1362 222
1021 27
1430 1297
417 1741
1065 1561
432 151
274 388
288 751
1484 1558
1429 1539
980 745
1255 492
374 905
229 89
713 1165
1197 939
1778 1770
306 1747
1816 1420
1570 1860
861 1856
876 1636
1224 1852
69 515
592 502
1210 1470
465 260
261 785
1199 423
1501 1697
910 1835
783 902
1350 612
456 612
1438 1033
653 1508
140 1262
1281 39
78 1500
937 1379
640 1814
494 929
1380 559
1530 1655
858 72
301 85
1020 698
1757 144
268 1138
1015 1237
1554 1547
90 933
423 1326
634 658
846 188
674 1678
7 540
1191 1365
23 1507
1800 777
1223 915
168 1648
1099 1116
809 653
1706 627
152 424
549 14
1059 628
1512 1264
1325 1198
1441 149
469 1372
748 120
669 826
1002 1421
962 84
1926
1000000000 1000000000 1000000000 1000000000 1000000000 1000000000 1000000000 1000000000 1000000000 1000000000 1000000000 1000000000 1000000000 1000000000 1000000000 1000000000 1000000000 1000000000 1000000000 1000000000 1000000000 1000000000 1000000000 1000000000 1000000000 1000000000 1000000000 1000000000 1000000000 1000000000 1000000000 1000000000 1000000000 1000000000 1000000000 1000000000 1000000000 1000000000 1000000000 1000000000 1000000000 1000000000 1000000000 1000000000 1000000000 1000000000 1000000000 1000000000 1000000000 1000000000 1000000000 1000000000 1000000000 1000000000 1000000000 1000000000 1000000000 1000000000 1000000000 1000000000 1000000000 1000000000 1000000000 1000000000 1000000000 1000000000 1000000000 1000000000 1000000000 1000000000 1000000000 1000000000 1000000000 1000000000 1000000000 1000000000 1000000000 1000000000 1000000000 1000000000 1000000000 1000000000 1000000000 1000000000 1000000000 1000000000 1000000000 1000000000 1000000000 1000000000 1000000000 1000000000 1000000000 1000000000 1000000000 1000000000 1000000000 1000000000 1000000000 1000000000 1000000000 1000000000 1000000000 1000000000 1000000000 1000000000 1000000000 1000000000 1000000000 1000000000 1000000000 1000000000 1000000000 1000000000 1000000000 1000000000 1000000000 1000000000 1000000000 1000000000 1000000000 1000000000 1000000000 1000000000 1000000000 1000000000 1000000000 1000000000 1000000000 1000000000 1000000000 1000000000 1000000000 1000000000 1000000000 1000000000 1000000000 1000000000 1000000000 1000000000 1000000000 1000000000 1000000000 1000000000 1000000000 1000000000 1000000000 1000000000 1000000000 1000000000 1000000000 1000000000 1000000000 1000000000 1000000000 1000000000 1000000000 1000000000 1000000000 1000000000 1000000000 1000000000 1000000000 1000000000 1000000000 1000000000 1000000000 1000000000 1000000000 1000000000 1000000000 1000000000 1000000000 1000000000 1000000000 1000000000 1000000000 1000000000 1000000000 1000000000 1000000000 1000000000 1000000000 1000000000 1000000000 1000000000 1000000000 1000000000 1000000000 1000000000 1000000000 1000000000 1000000000 1000000000 1000000000 1000000000 1000000000 1000000000 1000000000 1000000000 1000000000 1000000000 1000000000 1000000000 1000000000 1000000000 1000000000 1000000000 1000000000 1000000000 1000000000 1000000000 1000000000 1000000000 1000000000 1000000000 1000000000 1000000000 1000000000 1000000000 1000000000 1000000000 1000000000 1000000000 1000000000 1000000000 1000000000 1000000000 1000000000 1000000000 1000000000 1000000000 1000000000 1000000000 1000000000 1000000000 1000000000 1000000000 1000000000 1000000000 1000000000 1000000000 1000000000 1000000000 1000000000 1000000000 1000000000 1000000000 1000000000 1000000000 1000000000 1000000000 1000000000 1000000000 1000000000 1000000000 1000000000 1000000000 1000000000 1000000000 1000000000 1000000000 1000000000 1000000000 1000000000 1000000000 1000000000 1000000000 1000000000 1000000000 1000000000 1000000000 1000000000 1000000000 1000000000 1000000000 1000000000 1000000000 1000000000 1000000000 1000000000 1000000000 1000000000 1000000000 1000000000 1000000000 1000000000 1000000000 1000000000 1000000000 1000000000 1000000000 1000000000 1000000000 1000000000 1000000000 1000000000 1000000000 1000000000 1000000000 1000000000 1000000000 1000000000 1000000000 1000000000 1000000000 1000000000 1000000000 1000000000 1000000000 1000000000 1000000000 1000000000 1000000000 1000000000 1000000000 1000000000 1000000000 1000000000 1000000000 1000000000 1000000000 1000000000 1000000000 1000000000 1000000000 1000000000 1000000000 1000000000 1000000000 1000000000 1000000000 1000000000 1000000000 1000000000 1000000000 1000000000 1000000000 1000000000 1000000000 1000000000 1000000000 1000000000 1000000000 1000000000 1000000000 1000000000 1000000000 1000000000 1000000000 1000000000 1000000000 1000000000 1000000000 1000000000 1000000000 1000000000 1000000000 1000000000 1000000000 1000000000 1000000000 1000000000 1000000000 1000000000 1000000000 1000000000 1000000000 1000000000 1000000000 1000000000 1000000000 1000000000 1000000000 1000000000 1000000000 1000000000 1000000000 1000000000 1000000000 1000000000 1000000000 1000000000 1000000000 1000000000 1000000000 1000000000 1000000000 1000000000 1000000000 1000000000 1000000000 1000000000 1000000000 1000000000 1000000000 1000000000 1000000000 1000000000 1000000000 1000000000 1000000000 1000000000 1000000000 1000000000 1000000000 1000000000 1000000000 1000000000 1000000000 1000000000 1000000000 1000000000 1000000000 1000000000 1000000000 1000000000 1000000000 1000000000 1000000000 1000000000 1000000000 1000000000 1000000000 1000000000 1000000000 1000000000 1000000000 1000000000 1000000000 1000000000 1000000000 1000000000 1000000000 1000000000 1000000000 1000000000 1000000000 1000000000 1000000000 1000000000 1000000000 1000000000 1000000000 1000000000 1000000000 1000000000 1000000000 1000000000 1000000000 1000000000 1000000000 1000000000 1000000000 1000000000 1000000000 1000000000 1000000000 1000000000 1000000000 1000000000 1000000000 1000000000 1000000000 1000000000 1000000000 1000000000 1000000000 1000000000 1000000000 1000000000 1000000000 1000000000 1000000000 1000000000 1000000000 1000000000 1000000000 1000000000 1000000000 1000000000 1000000000 1000000000 1000000000 1000000000 1000000000 1000000000 1000000000 1000000000 1000000000 1000000000 1000000000 1000000000 1000000000 1000000000 1000000000 1000000000 1000000000 1000000000 1000000000 1000000000 1000000000 1000000000 1000000000 1000000000 1000000000 1000000000 1000000000 1000000000 1000000000 1000000000 1000000000 1000000000 1000000000 1000000000 1000000000 1000000000 1000000000 1000000000 1000000000 1000000000 1000000000 1000000000 1000000000 1000000000 1000000000 1000000000 1000000000 1000000000 1000000000 1000000000 1000000000 1000000000 1000000000 1000000000 1000000000 1000000000 1000000000 1000000000 1000000000 1000000000 1000000000 1000000000 1000000000 1000000000 1000000000 1000000000 1000000000 1000000000 1000000000 1000000000 1000000000 1000000000 1000000000 1000000000 1000000000 1000000000 1000000000 1000000000 1000000000 1000000000 1000000000 1000000000 1000000000 1000000000 1000000000 1000000000 1000000000 1000000000 1000000000 1000000000 1000000000 1000000000 1000000000 1000000000 1000000000 1000000000 1000000000 1000000000 1000000000 1000000000 1000000000 1000000000 1000000000 1000000000 1000000000 1000000000 1000000000 1000000000 1000000000 1000000000 1000000000 1000000000 1000000000 1000000000 1000000000 1000000000 1000000000 1000000000 1000000000 1000000000 1000000000 1000000000 1000000000 1000000000 1000000000 1000000000 1000000000 1000000000 1000000000 1000000000 1000000000 1000000000 1000000000 1000000000 1000000000 1000000000 1000000000 1000000000 1000000000 1000000000 1000000000 1000000000 1000000000 1000000000 1000000000 1000000000 1000000000 1000000000 1000000000 1000000000 1000000000 1000000000 1000000000 1000000000 1000000000 1000000000 1000000000 1000000000 1000000000 1000000000 1000000000 1000000000 1000000000 1000000000 1000000000 1000000000 1000000000 1000000000 1000000000 1000000000 1000000000 1000000000 1000000000 1000000000 1000000000 1000000000 1000000000 1000000000 1000000000 1000000000 1000000000 1000000000 1000000000 1000000000 1000000000 1000000000 1000000000 1000000000 1000000000 1000000000 1000000000 1000000000 1000000000 1000000000 1000000000 1000000000 1000000000 1000000000 1000000000 1000000000 1000000000 1000000000 1000000000 1000000000 1000000000 1000000000 1000000000 1000000000 1000000000 1000000000 1000000000 1000000000 1000000000 1000000000 1000000000 1000000000 1000000000 1000000000 1000000000 1000000000 1000000000 1000000000 1000000000 1000000000 1000000000 1000000000 1000000000 1000000000 1000000000 1000000000 1000000000 1000000000 1000000000 1000000000 1000000000 1000000000 1000000000 1000000000 1000000000 1000000000 1000000000 1000000000 1000000000 1000000000 1000000000 1000000000 1000000000 1000000000 1000000000 1000000000 1000000000 1000000000 1000000000 1000000000 1000000000 1000000000 1000000000 1000000000 1000000000 1000000000 1000000000 1000000000 1000000000 1000000000 1000000000 1000000000 1000000000 1000000000 1000000000 1000000000 1000000000 1000000000 1000000000 1000000000 1000000000 1000000000 1000000000 1000000000 1000000000 1000000000 1000000000 1000000000 1000000000 1000000000 1000000000 1000000000 1000000000 1000000000 1000000000 1000000000 1000000000 1000000000 1000000000 1000000000 1000000000 1000000000 1000000000 1000000000 1000000000 1000000000 1000000000 1000000000 1000000000 1000000000 1000000000 1000000000 1000000000 1000000000 1000000000 1000000000 1000000000 1000000000 1000000000 1000000000 1000000000 1000000000 1000000000 1000000000 1000000000 1000000000 1000000000 1000000000 1000000000 1000000000 1000000000 1000000000 1000000000 1000000000 1000000000 1000000000 1000000000 1000000000 1000000000 1000000000 1000000000 1000000000 1000000000 1000000000 1000000000 1000000000 1000000000 1000000000 1000000000 1000000000 1000000000 1000000000 1000000000 1000000000 1000000000 1000000000 1000000000 1000000000 1000000000 1000000000 1000000000 1000000000 1000000000 1000000000 1000000000 1000000000 1000000000 1000000000 1000000000 1000000000 1000000000 1000000000 1000000000 1000000000 1000000000 1000000000 1000000000 1000000000 1000000000 1000000000 1000000000 1000000000 1000000000 1000000000 1000000000 1000000000 1000000000 1000000000 1000000000 1000000000 1000000000 1000000000 1000000000 1000000000 1000000000 1000000000 1000000000 1000000000 1000000000 1000000000 1000000000 1000000000 1000000000 1000000000 1000000000 1000000000 1000000000 1000000000 1000000000 1000000000 1000000000 1000000000 1000000000 1000000000 1000000000 1000000000 1000000000 1000000000 1000000000 1000000000 1000000000 1000000000 1000000000 1000000000 1000000000 1000000000 1000000000 1000000000 1000000000 1000000000 1000000000 1000000000 1000000000 1000000000 1000000000 1000000000 1000000000 1000000000 1000000000 1000000000 1000000000 1000000000 1000000000 1000000000 1000000000 1000000000 1000000000 1000000000 1000000000 1000000000 1000000000 1000000000 1000000000 1000000000 1000000000 1000000000 1000000000 1000000000 1000000000 1000000000 1000000000 1000000000 1000000000 1000000000 1000000000 1000000000 1000000000 1000000000 1000000000 1000000000 1000000000 1000000000 1000000000 1000000000 1000000000 1000000000 1000000000 1000000000 1000000000 1000000000 1000000000 1000000000 1000000000 1000000000 1000000000 1000000000 1000000000 1000000000 1000000000 1000000000 1000000000 1000000000 1000000000 1000000000 1000000000 1000000000 1000000000 1000000000 1000000000 1000000000 1000000000 1000000000 1000000000 1000000000 1000000000 1000000000 1000000000 1000000000 1000000000 1000000000 1000000000 1000000000 1000000000 1000000000 1000000000 1000000000 1000000000 1000000000 1000000000 1000000000 1000000000 1000000000 1000000000 1000000000 1000000000 1000000000 1000000000 1000000000 1000000000 1000000000 1000000000 1000000000 1000000000 1000000000 1000000000 1000000000 1000000000 1000000000 1000000000 1000000000 1000000000 1000000000 1000000000 1000000000 1000000000 1000000000 1000000000 1000000000 1000000000 1000000000 1000000000 1000000000 1000000000 1000000000 1000000000 1000000000 1000000000 1000000000 1000000000 1000000000 1000000000 1000000000 1000000000 1000000000 1000000000 1000000000 1000000000 1000000000 1000000000 1000000000 1000000000 1000000000 1000000000 1000000000 1000000000 1000000000 1000000000 1000000000 1000000000 1000000000 1000000000 1000000000 1000000000 1000000000 1000000000 1000000000 1000000000 1000000000 1000000000 1000000000 1000000000 1000000000 1000000000 1000000000 1000000000 1000000000 1000000000 1000000000 1000000000 1000000000 1000000000 1000000000 1000000000 1000000000 1000000000 1000000000 1000000000 1000000000 1000000000 1000000000 1000000000 1000000000 1000000000 1000000000 1000000000 1000000000 1000000000 1000000000 1000000000 1000000000 1000000000 1000000000 1000000000 1000000000 1000000000 1000000000 1000000000 1000000000 1000000000 1000000000 1000000000 1000000000 1000000000 1000000000 1000000000 1000000000 1000000000 1000000000 1000000000 1000000000 1000000000 1000000000 1000000000 1000000000 1000000000 1000000000 1000000000 1000000000 1000000000 1000000000 1000000000 1000000000 1000000000 1000000000 1000000000 1000000000 1000000000 1000000000 1000000000 1000000000 1000000000 1000000000 1000000000 1000000000 1000000000 1000000000 1000000000 1000000000 1000000000 1000000000 1000000000 1000000000 1000000000 1000000000 1000000000 1000000000 1000000000 1000000000 1000000000 1000000000 1000000000 1000000000 1000000000 1000000000 1000000000 1000000000 1000000000 1000000000 1000000000 1000000000 1000000000 1000000000 1000000000 1000000000 1000000000 1000000000 1000000000 1000000000 1000000000 1000000000 1000000000 1000000000 1000000000 1000000000 1000000000 1000000000 1000000000 1000000000 1000000000 1000000000 1000000000 1000000000 1000000000 1000000000 1000000000 1000000000 1000000000 1000000000 1000000000 1000000000 1000000000 1000000000 1000000000 1000000000 1000000000 1000000000 1000000000 1000000000 1000000000 1000000000 1000000000 1000000000 1000000000 1000000000 1000000000 1000000000 1000000000 1000000000 1000000000 1000000000 1000000000 1000000000 1000000000 1000000000 1000000000 1000000000 1000000000 1000000000 1000000000 1000000000 1000000000 1000000000 1000000000 1000000000 1000000000 1000000000 1000000000 1000000000 1000000000 1000000000 1000000000 1000000000 1000000000 1000000000 1000000000 1000000000 1000000000 1000000000 1000000000 1000000000 1000000000 1000000000 1000000000 1000000000 1000000000 1000000000 1000000000 1000000000 1000000000 1000000000 1000000000 1000000000 1000000000 1000000000 1000000000 1000000000 1000000000 1000000000 1000000000 1000000000 1000000000 1000000000 1000000000 1000000000 1000000000 1000000000 1000000000 1000000000 1000000000 1000000000 1000000000 1000000000 1000000000 1000000000 1000000000 1000000000 1000000000 1000000000 1000000000 1000000000 1000000000 1000000000 1000000000 1000000000 1000000000 1000000000 1000000000 1000000000 1000000000 1000000000 1000000000 1000000000 1000000000 1000000000 1000000000 1000000000 1000000000 1000000000 1000000000 1000000000 1000000000 1000000000 1000000000 1000000000 1000000000 1000000000 1000000000 1000000000 1000000000 1000000000 1000000000 1000000000 1000000000 1000000000 1000000000 1000000000 1000000000 1000000000 1000000000 1000000000 1000000000 1000000000 1000000000 1000000000 1000000000 1000000000 1000000000 1000000000 1000000000 1000000000 1000000000 1000000000 1000000000 1000000000 1000000000 1000000000 1000000000 1000000000 1000000000 1000000000 1000000000 1000000000 1000000000 1000000000 1000000000 1000000000 1000000000 1000000000 1000000000 1000000000 1000000000 1000000000 1000000000 1000000000 1000000000 1000000000 1000000000 1000000000 1000000000 1000000000 1000000000 1000000000 1000000000 1000000000 1000000000 1000000000 1000000000 1000000000 1000000000 1000000000 1000000000 1000000000 1000000000 1000000000 1000000000 1000000000 1000000000 1000000000 1000000000 1000000000 1000000000 1000000000 1000000000 1000000000 1000000000 1000000000 1000000000 1000000000 1000000000 1000000000 1000000000 1000000000 1000000000 1000000000 1000000000 1000000000 1000000000 1000000000 1000000000 1000000000 1000000000 1000000000 1000000000 1000000000 1000000000 1000000000 1000000000 1000000000 1000000000 1000000000 1000000000 1000000000 1000000000 1000000000 1000000000 1000000000 1000000000 1000000000 1000000000 1000000000 1000000000 1000000000 1000000000 1000000000 1000000000 1000000000 1000000000 1000000000 1000000000 1000000000 1000000000 1000000000 1000000000 1000000000 1000000000 1000000000 1000000000 1000000000 1000000000 1000000000 1000000000 1000000000 1000000000 1000000000 1000000000 1000000000 1000000000 1000000000 1000000000 1000000000 1000000000 1000000000 1000000000 1000000000 1000000000 1000000000 1000000000 1000000000 1000000000 1000000000 1000000000 1000000000 1000000000 1000000000 1000000000 1000000000 1000000000 1000000000 1000000000 1000000000 1000000000 1000000000 1000000000 1000000000 1000000000 1000000000 1000000000 1000000000 1000000000 1000000000 1000000000 1000000000 1000000000 1000000000 1000000000 1000000000 1000000000 1000000000 1000000000 1000000000 1000000000 1000000000 1000000000 1000000000 1000000000 1000000000 1000000000 1000000000 1000000000 1000000000 1000000000 1000000000 1000000000 1000000000 1000000000 1000000000 1000000000 1000000000 1000000000 1000000000 1000000000 1000000000 1000000000 1000000000 1000000000 1000000000 1000000000 1000000000 1000000000 1000000000 1000000000 1000000000 1000000000 1000000000 1000000000 1000000000 1000000000 1000000000 1000000000 1000000000 1000000000 1000000000 1000000000 1000000000 1000000000 1000000000 1000000000 1000000000 1000000000 1000000000 1000000000 1000000000 1000000000 1000000000 1000000000 1000000000 1000000000 1000000000 1000000000 1000000000 1000000000 1000000000 1000000000 1000000000 1000000000 1000000000 1000000000 1000000000 1000000000 1000000000 1000000000 1000000000 1000000000 1000000000 1000000000 1000000000 1000000000 1000000000 1000000000 1000000000 1000000000 1000000000 1000000000 1000000000 1000000000 1000000000 1000000000 1000000000 1000000000 1000000000 1000000000 1000000000 1000000000 1000000000 1000000000 1000000000 1000000000 1000000000 1000000000 1000000000 1000000000 1000000000 1000000000 1000000000 1000000000 1000000000 1000000000 1000000000 1000000000 1000000000 1000000000 1000000000 1000000000 1000000000 1000000000 1000000000 1000000000 1000000000 1000000000 1000000000 1000000000 1000000000 1000000000 1000000000 1000000000 1000000000 1000000000 1000000000 1000000000 1000000000 1000000000 1000000000 1000000000 1000000000 1000000000 1000000000 1000000000 1000000000 1000000000 1000000000 1000000000 1000000000 1000000000 1000000000 1000000000 1000000000 1000000000 1000000000 1000000000 1000000000 1000000000 1000000000 1000000000 1000000000 1000000000 1000000000 1000000000 1000000000 1000000000 1000000000 1000000000 1000000000 1000000000 1000000000 1000000000 1000000000 1000000000 1000000000 1000000000 1000000000 1000000000 1000000000 1000000000 1000000000 1000000000 1000000000 1000000000 1000000000 1000000000 1000000000 1000000000 1000000000 1000000000 1000000000 1000000000 1000000000 1000000000 1000000000 1000000000 1000000000 1000000000 1000000000 1000000000 1000000000 1000000000 1000000000 1000000000 1000000000 1000000000 1000000000 1000000000 1000000000 1000000000 1000000000 1000000000 1000000000 1000000000 1000000000 1000000000 1000000000 1000000000 1000000000 1000000000 1000000000 1000000000 1000000000 1000000000 1000000000 1000000000 1000000000 1000000000 1000000000 1000000000 1000000000 1000000000 1000000000 1000000000 1000000000 1000000000 1000000000 1000000000 1000000000 1000000000 1000000000 1000000000 1000000000 1000000000 1000000000 1000000000 1000000000 1000000000 1000000000 1000000000 1000000000 1000000000 1000000000 1000000000 1000000000 1000000000 1000000000 1000000000 1000000000 1000000000 1000000000 1000000000 1000000000 1000000000 1000000000 1000000000 1000000000 1000000000 1000000000 1000000000 1000000000 1000000000 1000000000 1000000000 1000000000 1000000000 1000000000 1000000000 1000000000 1000000000 1000000000 1000000000 1000000000 1000000000 1000000000 1000000000 1000000000 1000000000 1000000000 1000000000 1000000000 1000000000 1000000000 1000000000 1000000000 1000000000 1000000000 1000000000 1000000000 1000000000 1000000000 1000000000 1000000000 1000000000 1000000000 1000000000 1000000000 1000000000 1000000000 1000000000 1000000000 1000000000 1000000000 1000000000 1000000000 1000000000 1000000000 1000000000 1000000000 1000000000 1000000000 1000000000 1000000000 1000000000 1000000000 1000000000 1000000000 1000000000 1000000000 1000000000 1000000000 1000000000 1000000000 1000000000 1000000000 1000000000 1000000000 1000000000 1000000000 1000000000 1000000000 1000000000 1000000000 1000000000 1000000000 1000000000 1000000000 1000000000 1000000000 1000000000 1000000000 1000000000 1000000000 1000000000 1000000000 1000000000 1000000000 1000000000 1000000000 1000000000 1000000000 1000000000 1000000000 1000000000 1000000000 1000000000 1000000000 1000000000 1000000000 1000000000 1000000000 1000000000 1000000000 1000000000 1000000000 1000000000 1000000000 1000000000 1000000000 1000000000 1000000000 1000000000 1000000000 1000000000 1000000000 1000000000 1000000000 1000000000 1000000000 1000000000 1000000000 1000000000 1000000000 1000000000 1000000000 1000000000 1000000000 1000000000 1000000000 1000000000 1000000000 1000000000 1000000000 1000000000 1000000000 1000000000 1000000000 1000000000 1000000000 1000000000 1000000000 1000000000 1000000000 1000000000 1000000000 1000000000 1000000000 1000000000 1000000000 1000000000 1000000000 1000000000 1000000000 1000000000 1000000000 1000000000 1000000000 1000000000 1000000000 1000000000 1000000000 1000000000 1000000000 1000000000 1000000000 1000000000 1000000000 1000000000
317 366
366 1702
1118 1702
1118 827
181 1118
366 1374
1374 664
1110 1118
920 1110
827 1363
1595 1363
389 1363
766 1118
1110 226
1659 389
679 1659
1405 1659
1905 827
404 1659
1629 1405
1595 362
226 1095
362 904
1363 935
1811 362
1405 12
403 1811
1811 1372
1372 743
1345 1095
216 403
904 309
141 1811
743 742
828 12
1789 828
225 362
572 1345
1405 654
336 1345
336 1774
560 1629
141 1640
216 1085
1501 1811
743 316
412 1789
572 1468
1461 316
1774 1086
1086 341
1695 316
315 226
1086 197
828 816
1115 1695
1871 336
654 48
1324 1468
315 1499
1003 1499
1742 197
275 1499
727 275
412 1597
115 1774
362 437
1461 832
620 1629
1871 281
245 1595
832 460
1597 1911
245 1022
1142 1871
1003 1487
1161 48
1115 137
1629 1707
1269 1499
316 1364
233 742
1640 395
1444 1003
1791 620
997 1085
197 1128
1182 1791
1635 1640
281 384
1305 935
115 295
727 844
52 1629
316 1879
362 576
1269 877
774 743
168 1269
671 403
97 1444
832 1746
305 576
395 427
592 1305
1364 866
1746 463
384 382
747 315
1149 1003
315 731
1224 395
1832 1597
997 1185
1305 1219
659 1487
1832 221
1640 1580
1364 187
1160 48
198 866
592 1506
1787 1791
221 647
309 191
476 216
659 493
1219 11
659 698
592 1763
91 743
1756 48
1712 1185
1780 1499
747 1135
477 115
1022 478
684 1597
1249 1832
168 167
698 1445
1836 1580
306 1142
197 1517
1187 1780
1891 654
1695 903
1461 1775
395 1749
1648 1128
1633 1187
1115 602
698 205
1833 1787
11 1390
1436 620
1780 1154
837 698
1154 1909
1793 727
1879 1751
66 1751
233 1017
1166 1793
52 1877
220 295
1305 1054
866 944
749 198
1486 774
1573 1695
901 245
1364 1388
137 300
1011 774
613 727
1436 102
427 83
1115 1373
1573 1676
1751 829
437 19
1345 442
478 193
1832 1912
1239 1833
1124 613
186 1742
1517 803
1296 1149
728 903
1354 1436
890 829
1050 442
1311 1635
1164 1017
115 1537
816 911
975 731
1301 1676
1237 1164
472 1749
1756 2
14 1787
837 238
1877 1918
437 35
356 1149
472 290
728 821
1677 832
19 234
1149 781
1245 477
684 342
866 757
1050 879
1807 1373
73 1775
187 522
205 1268
1578 997
198 214
1051 1245
578 803
1774 930
1160 1730
659 838
1312 1787
1224 421
300 1743
383 1312
2 1691
764 1050
428 578
1354 1538
1491 1691
1184 522
728 1842
138 1538
1380 866
731 1903
1903 1438
1891 1218
529 442
1224 189
138 285
1579 816
1126 168
1 1011
1423 428
1710 73
193 1662
821 253
647 685
874 1677
1324 1015
1695 514
1487 636
837 525
1176 1050
1294 613
552 636
1749 1107
975 1251
1436 1049
472 798
1836 1723
290 1768
193 610
156 1051
578 333
1335 1912
874 51
150 1268
528 2
528 615
1176 1825
867 35
115 1744
1049 689
911 1638
312 1444
576 1047
189 835
1737 189
1403 1219
1786 1126
543 522
821 840
840 1196
1825 1000
303 1380
1025 749
959 1110
1038 1154
277 1237
1011 913
944 1365
592 532
1512 1038
1608 874
561 879
306 188
1173 19
678 1373
237 647
1380 62
1166 608
610 1328
608 32
1622 214
1191 1294
279 1911
35 1019
973 342
1032 930
1249 991
201 1737
490 300
279 963
115 1122
728 902
522 577
1553 577
678 1232
272 552
1220 300
1454 234
1690 428
212 1710
1258 188
594 1232
337 48
342 1480
478 1821
822 1124
212 1358
1579 1806
1356 167
577 1448
1454 50
1676 520
810 237
1 603
1795 520
1365 1042
478 1896
490 872
107 1049
1004 442
1073 97
1038 1559
476 1327
772 592
1879 479
577 1557
988 1032
959 524
1862 829
1085 365
416 1049
1000 1084
906 1011
365 871
577 1071
525 733
152 1486
1259 636
885 871
1622 1755
424 803
1219 1778
901 177
384 1083
1672 798
1215 1877
1421 1004
1723 804
1755 1641
867 1352
1184 579
810 429
1354 646
1032 1801
472 1137
1362 303
1672 1678
1716 988
1573 236
578 942
1189 1025
1641 243
1787 769
1685 1249
1074 685
1254 1220
1882 1730
672 514
532 1386
150 948
392 991
837 869
417 829
1301 1493
702 1122
1354 15
505 15
1784 615
342 106
1196 1748
182 225
1445 1777
837 793
195 1000
991 795
1896 1093
1083 1453
685 1831
1793 1463
936 1825
1025 319
1246 1768
835 307
1457 772
63 1004
468 1126
577 70
1763 555
1259 1484
667 1755
1429 678
128 822
459 1484
1573 256
1395 1239
126 1710
793 1734
1230 216
701 1328
525 722
33 214
1463 79
313 528
1532 1685
1222 1011
1246 1824
846 602
561 756
532 502
381 272
1011 1694
501 1811
1162 749
1557 457
236 951
1493 1343
1606 1795
128 1921
1094 1073
1091 333
1498 1051
807 613
522 498
558 195
1051 1902
128 563
333 1545
863 975
1415 1801
764 288
194 307
1264 1694
381 1605
721 505
781 1888
1249 471
505 1549
1162 864
601 1493
1616 501
1168 285
1193 424
307 1810
956 552
1282 337
279 1835
1492 835
62 379
838 1449
161 221
490 703
161 1116
723 942
1801 210
177 250
861 1506
846 206
1556 577
733 1417
1557 1322
104 279
1373 1299
986 936
1457 957
1074 481
781 1377
373 1672
820 1438
313 42
1694 612
1004 1433
83 148
15 711
1094 695
1030 1191
1535 1556
353 42
887 1362
1654 1232
145 1377
353 539
355 903
79 351
1837 1358
201 1814
534 145
843 355
337 1721
1543 42
1421 604
406 1654
813 1903
1030 1697
67 210
1704 1219
1815 1676
715 701
1322 1876
773 1807
177 1355
337 485
1379 1433
707 866
890 709
1276 1268
1887 1723
804 536
1036 1517
1784 1607
1325 835
956 1012
1673 1454
250 30
42 1859
868 957
1662 369
1828 1549
1771 50
1591 1012
457 1077
843 699
849 1222
841 520
1590 1556
140 1535
1292 942
1593 1810
748 1559
1654 1628
1596 711
183 610
1536 1454
1245 1926
1602 636
1616 84
1619 468
1274 238
1328 1260
1057 145
1559 969
672 609
1723 623
976 646
1049 1783
422 1784
1716 1283
1691 22
1602 1523
206 496
1274 596
1476 1264
1448 1475
426 773
517 1888
1409 140
879 1639
53 517
1276 26
70 5
1196 1808
596 621
188 1465
349 623
723 458
306 1055
516 1828
1322 1729
893 1926
1832 842
1704 617
1375 183
1285 772
451 1831
153 536
153 255
1831 1048
1198 887
1435 1094
1569 191
368 1690
1012 1100
751 395
588 1896
1222 1020
320 623
507 1763
1507 723
900 1808
1579 738
1406 451
432 672
833 479
833 1588
1357 1536
1248 1639
1132 615
145 1027
192 1685
1430 1535
520 1624
347 707
501 254
675 300
892 195
226 1394
176 841
601 113
507 308
1793 845
1400 67
887 980
858 1260
640 1842
1226 864
563 788
1080 319
700 529
1232 1502
1041 1579
369 1696
851 1453
320 1601
1619 441
13 1100
329 176
1680 1619
1813 84
833 75
1902 1206
1111 973
1287 738
183 1753
529 761
1109 868
957 651
710 1449
325 1641
276 1400
1127 594
1823 1721
1441 1743
308 385
1824 184
1536 1470
1469 1721
198 90
140 787
1554 579
744 1737
26 740
210 1242
532 806
748 284
1185 567
1673 491
1744 242
660 1502
1661 1254
749 1760
1294 853
1176 875
59 1324
376 1673
303 1800
1645 1218
343 841
464 1823
959 972
520 775
498 1418
593 840
1457 1136
43 793
1675 319
643 913
774 1427
203 525
208 1815
1764 721
263 991
1414 107
440 787
411 1537
632 700
1531 1122
1241 1549
1055 817
960 872
84 1349
640 1053
1708 145
780 596
109 1132
657 643
750 534
1678 1709
1897 1685
161 908
940 1723
1290 1823
1029 973
5 324
483 536
861 1472
1783 1223
588 92
1380 1731
462 843
1111 1190
1587 1230
845 938
1267 769
872 61
487 807
608 1901
939 1480
1392 1373
1052 887
169 406
146 1430
1473 1707
85 1168
652 1249
1588 1471
1304 1579
1198 1061
1523 1509
1246 1703
1628 65
1663 1083
1154 670
1885 440
304 347
972 1563
1235 1259
709 299
144 464
761 1416
1879 1340
485 143
1259 932
212 1309
228 1897
1067 496
975 494
1113 75
108 176
1336 32
1253 944
893 1261
1864 1355
1800 133
1031 349
885 1881
1534 1690
1841 1416
975 31
993 1793
1841 1844
252 900
1726 1881
183 1898
448 1304
1560 675
364 728
1093 1447
718 1111
1770 203
972 1758
1759 516
1437 1357
1614 153
557 1055
864 1466
227 208
499 1800
1017 125
1760 171
1841 1121
961 861
1718 875
1718 1371
111 1881
1049 1733
1876 1270
790 1259
732 26
578 1167
76 1901
1680 1626
1198 1306
1694 1612
18 1230
1509 1674
1783 1175
18 624
399 416
1355 1741
1309 200
896 192
1038 1575
1329 1675
1575 80
1682 1403
192 1665
1799 567
1171 780
194 326
494 1133
1622 1097
487 856
949 1784
956 634
173 1189
975 553
908 658
1843 1167
1735 670
983 1154
1539 1709
1808 880
1048 293
1619 1452
1848 657
983 1262
917 1608
1729 586
15 248
690 1661
1469 1489
1683 458
917 71
666 1694
1013 539
1270 1546
568 1223
266 1475
1063 657
907 1418
18 264
1889 1682
585 369
30 1381
1413 182
1642 1133
483 1713
1651 304
891 858
343 974
776 974
263 1021
677 871
85 786
896 1878
1649 1614
1562 1276
2 1319
1136 89
222 1578
1352 1277
1498 224
111 1570
1471 719
1012 929
786 952
981 1053
1350 182
1370 266
917 964
1346 1329
1427 469
67 954
1227 1546
838 551
1451 1575
896 393
1226 1159
54 351
586 1313
1593 1503
80 497
1574 558
550 1545
1290 127
674 1848
311 33
1465 296
173 9
146 814
1246 120
1143 1328
1242 1195
433 1881
453 1475
158 76
328 579
522 110
1487 1432
351 1058
1137 1442
61 823
746 517
1760 41
1341 1227
883 867
175 84
877 591
161 794
634 1906
375 66
313 826
1341 339
272 1907
399 607
147 652
1122 1458
1786 1385
1288 376
1734 165
1223 547
1587 509
1422 555
1642 587
1902 824
1692 1336
1336 836
1800 987
1804 585
881 1309
1898 513
494 1398
1155 339
780 1410
413 1198
1587 1200
547 1238
1718 1089
1449 1040
639 494
790 566
741 1764
889 1299
110 762
45 1262
109 789
1764 1291
396 448
456 1458
1562 213
755 128
573 385
809 1601
1127 1186
637 250
588 1516
574 1168
980 58
683 406
859 1469
438 1546
1732 807
1876 1092
1639 919
545 1077
1099 385
922 120
551 1772
1174 1466
847 858
825 1133
777 1795
1551 1596
1308 1878
1620 1416
1646 127
1809 1029
469 538
1815 855
1381 1637
1024 1898
392 16
819 623
683 918
1730 1396
998 1422
1569 163
461 197
690 1687
1488 422
1049 1420
1837 1598
1178 1472
1417 619
1008 1319
134 858
1622 1681
642 507
624 1228
274 195
596 1658
604 367
1430 1618
828 1724
1159 928
1586 1304
624 323
593 1508
796 621
1860 940
1686 1753
490 445
41 425
1136 1914
817 1874
1651 570
185 1261
834 1509
132 574
1570 1001
306 1062
1001 229
686 1897
1772 78
1198 1217
312 668
1551 531
135 1489
1844 1576
658 21
1246 1096
878 1531
139 385
1637 235
1334 228
1231 1040
607 123
1430 136
1508 767
534 344
1529 43
64 1848
1089 1359
1401 1789
607 1572
1100 190
1129 1837
949 1383
21 1870
531 1203
439 373
1449 1165
1177 1841
1035 1155
507 1426
1342 1242
1275 1334
1346 1016
1854 471
946 847
989 133
676 1576
159 551
1625 1365
1307 90
573 1233
719 1542
751 629
1465 155
487 857
726 208
1256 545
672 314
1128 1851
1725 756
565 173
1799 1722
806 1923
1465 1757
644 557
1731 735
961 154
1144 787
473 1681
1248 982
242 1221
1097 1347
540 375
108 289
954 378
37 176
1714 987
1059 1508
45 1919
151 789
1687 1255
1615 167
94 836
794 705
918 1384
1782 1523
631 1759
1295 1614
99 1255
783 1122
1525 432
1547 750
504 491
1883 1606
818 986
74 378
1497 375
870 263
37 1194
1924 1914
1214 1325
1105 988
1437 990
1079 1365
1244 702
682 1628
370 932
1177 527
1069 349
344 616
778 793
762 1867
826 418
1874 625
1337 165
858 1018
1098 1111
1771 249
140 6
1847 1375
40 509
1896 1826
1824 1197
418 569
203 1600
1684 545
823 1839
251 875
1830 393
144 1102
361 58
218 5
735 1225
3 1177
1757 322
1244 848
1526 18
905 264
98 1919
1198 1515
819 1481
1745 1416
1566 1221
405 1703
82 222
1025 1790
787 1145
1700 1136
723 882
235 1583
1364 1081
25 719
456 1141
1059 1157
1826 1455
1757 1886
449 1313
668 1007
1406 665
1561 824
505 1065
1799 358
1495 1200
1359 1504
1047 1766
170 738
535 588
1714 466
1137 519
1524 1646
1421 273
331 79
271 532
249 1273
1195 1428
548 574
1140 1244
1590 72
554 1839
142 1709
1383 397
1221 518
1284 1274
1346 1213
985 192
1442 1584
170 112
270 1476
544 587
455 1073
1530 593
185 1479
1210 892
1247 53
63 1592
1274 410
507 1169
1172 288
688 235
950 487
452 1854
1747 936
208 839
400 817
1919 1070
640 1893
1820 566
1835 1280
1520 870
1878 1298
65 56
1688 1398
68 1893
1082 155
842 979
1619 278
318 677
90 55
1586 1522
938 706
958 849
1589 1592
1827 868
1276 508
1571 644
301 568
917 298
1604 1759
1603 1615
882 1599
18 495
446 41
710 348
1609 45
909 439
405 1846
1767 1178
811 688
1849 318
630 16
1686 1636
1500 786
559 1016
407 1588
388 1841
327 1504
1673 978
1865 1455
1236 1017
1713 753
1262 1078
1838 494
958 302
1158 1172
452 1367
1699 1416
1709 737
860 438
257 405
1225 374
213 530
148 447
1664 1495
486 1284
1157 1785
1279 978
297 361
564 469
338 1495
304 1368
1339 508
1471 1361
889 1863
1060 1155
1805 917
931 682
693 1159
1798 1311
1202 774
1081 1706
1303 15
559 1510
739 1058
342 1192
1169 332
1216 9
717 1807
1631 1102
1668 1277
29 1016
1822 1642
1048 895
52 1701
1045 1587
480 1571
948 239
719 614
435 1368
482 1279
686 910
651 484
546 748
1328 1769
739 172
1194 802
873 1721
410 87
638 1658
457 1533
1265 1016
1732 1581
1601 1527
1693 1169
1026 451
1378 1701
273 244
84 797
568 1399
114 1771
1719 1637
1419 1722
914 1522
1556 1321
51 20
1338 1295
1402 464
852 1517
1507 1310
263 582
1450 22
958 1632
878 357
299 1689
1134 1441
256 124
446 1411
1025 1740
1102 246
1529 130
264 800
607 1739
998 1853
653 1194
333 1181
49 483
1568 1860
961 294
1143 359
767 1318
178 1339
1389 1080
1401 712
1459 1325
443 630
1111 1072
214 1320
331 1010
1796 418
1109 363
1378 1904
559 1727
1087 914
916 504
850 751
1644 1159
398 1581
380 1531
1834 1383
1221 1866
1708 1582
632 60
1610 1551
330 1284
150 1028
1766 371
1637 1068
1732 215
1522 1425
1558 1785
848 282
518 506
1021 1656
1840 617
485 720
180 332
1108 893
773 854
989 207
762 1014
1626 1643
934 666
1148 1618
1044 964
1483 1420
814 217
745 1221
1366 565
1263 193
1204 1692
915 56
436 1578
38 1495
1626 1163
1221 1540
760 200
925 469
1556 259
105 379
682 423
1723 1496
1494 71
204 68
435 831
258 79
937 270
1376 120
784 1600
1892 917
1884 1726
1564 1284
431 1181
888 1163
1481 1880
475 1884
1443 329
1035 1152
1006 1693
600 1158
25 1623
1242 696
461 1180
1868 1200
95 1178
1408 1100
1892 1467
661 1181
27 1582
1925 1189
598 1678
687 1533
1773 1593
1772 199
1152 1474
1146 1851
870 1208
394 1769
472 1567
523 1248
1348 497
1165 1252
371 434
1270 129
943 1474
1817 1874
1169 1382
1669 1163
1591 1776
116 200
9 1353
431 581
912 522
1231 269
46 351
1868 8
1819 554
763 1368
1715 1926
1153 1313
992 1592
931 770
953 706
489 1368
725 482
1147 776
1620 7
1804 618
1030 1890
268 1341
1844 1205
209 273
1519 1589
687 415
799 705
3 1114
1041 808
808 645
1331 993
649 322
923 676
706 219
1627 1301
371 752
675 1240
768 1194
469 1326
1227 241
1863 1046
977 1813
1668 655
898 798
350 797
1005 957
1077 656
1683 999
1033 1133
580 900
696 131
1644 669
69 1287
488 1459
1034 1582
582 1434
267 574
923 77
1873 89
1378 708
1485 1799
1120 1890
1281 1298
1898 521
340 1319
1477 1839
1508 966
1592 716
1507 1667
360 817
8 1917
830 1603
894 1321
1762 27
1841 1404
202 1854
785 1422
87 606
1802 313
1761 819
1534 899
701 765
249 36
1155 1910
854 1908
338 1286
1432 354
230 1189
1613 129
1008 196
574 345
1660 1059
1669 1552
164 1241
321 1587
377 1406
521 1207
414 1766
663 1231
1572 450
1660 1647
344 334
1431 953
1681 571
653 694
1769 1544
1117 819
734 1566
1803 797
551 1243
1443 1634
135 1104
430 1259
162 668
825 926
1412 219
101 1228
1103 1654
1212 1890
1761 1541
967 1428
1667 1316
1665 17
1076 1644
926 86
1278 1099
247 825
1156 854
1542 503
1494 1736
1462 826
568 1858
1869 1731
179 764
510 746
716 1424
1407 1455
386 663
826 118
1873 1199
682 1201
1782 465
1391 446
1227 541
125 1585
533 873
1271 131
80 537
1397 468
1183 1764
452 500
1920 304
1649 512
713 374
1216 1056
597 1034
622 1583
645 724
1639 231
584 1213
1856 967
624 265
100 446
1736 562
1671 1174
511 661
720 1332
96 278
8 1023
387 767
1698 734
1722 590
1670 958
521 4
736 1866
419 519
1700 650
1765 631
47 383
179 1009
955 1836
1852 776
291 29
1798 28
23 449
1186 681
865 82
1453 1895
876 655
655 157
466 758
392 1101
1109 962
1070 1750
965 161
759 908
921 1465
391 431
1464 675
984 1481
456 1066
1131 1047
740 10
240 845
1568 24
582 782
1643 1043
1250 1680
1865 1125
1315 112
1655 289
1724 1521
1236 1297
1527 542
556 36
397 627
1092 589
1603 1900
1301 1460
280 1274
114 1300
634 945
258 1513
21 1302
1188 246
729 4
797 1779
98 1209
1123 297
1117 1323
1788 717
1360 1599
1258 1550
1229 125
564 1440
1583 626
409 151
1446 351
1028 93
490 779
154 1875
1262 1565
595 744
628 859
989 605
1002 614
1679 1206
140 1728
1344 338
801 1077
402 101
1207 1170
1758 444
1754 45
1687 262
1514 1520
81 1658
673 740
583 322
395 1075
1287 1490
730 1002
1874 1630
407 1119
193 232
635 1382
390 1217
1066 792
633 778
410 470
744 886
1518 1075
970 40
720 526
1797 495
1720 1337
454 1263
1913 64
993 492
287 90
1698 1511
1234 1641
1088 992
1752 1338
122 511
971 1688
1653 690
1711 557
488 1138
269 933
566 1705
1352 941
1199 1850
346 1114
968 1839
39 1146
1106 368
44 1005
1410 575
599 454
276 1899
1894 1476
1711 1816
714 1692
291 1857
897 1902
1333 461
215 401
815 1679
1090 72
1794 28
286 1253
994 396
812 853
1922 240
57 1873
1627 1387
1351 1201
121 1273
1621 1473
574 1456
1632 924
624 862
1289 768
1649 467
675 1037
144 996
1173 292
1738 726
680 358
1541 1915
116 549
697 910
1139 830
746 474
223 348
1130 1660
157 211
1555 833
979 515
717 260
1611 937
815 117
372 1788
995 1005
1369 882
1855 349
433 1064
422 1505
38 1257
1293 738
244 1151
1393 900
791 1320
1634 1150
34 1857
1699 174
160 1804
600 310
1792 1822
648 298
518 947
771 113
883 119
1272 630
467 754
1547 166
402 1829
1654 1314
1059 1781
367 1652
1216 927
1377 1478
1577 328
708 1548
704 1010
1266 1186
1916 1323
691 145
1039 1661
611 1449
1393 1861
1148 805
352 717
131 884
1812 440
1180 1845
1440 641
1023 103
1866 1666
1650 1278
1482 955
1617 308
1683 1330
1727 662
1561 1872
616 1657
1594 943
1923 88
261 897
1211 40
919 283
1317 1873
129 1818
1861 692
149 607
968 408
335 1359
1439 251
1179 881
1112 1430
899 1717
897 420
1528 996
1
1
4
2 3 3 4
1 2
1 4
2 3