1
1910
7 4 2 10 5 10 3 5 3 2 9 3 10 10 10 3 1 6 6 5 8 5 3 10 2 10 7 1 1 4 9 4 7 1 9 3 4 2 9 2 4 2 6 10 1 8 1 6 6 8 9 7 4 8 8 7 8 10 2 5 5 3 1 5 3 9 4 7 8 7 8 8 2 9 2 7 6 10 10 2 7 9 4 6 2 9 4 8 7 6 6 10 8 7 3 2 3 6 6 8 3 4 10 1 9 7 4 8 2 8 7 7 6 8 6 7 6 8 3 8 9 6 1 3 10 8 5 6 3 10 7 3 10 7 4 1 2 4 2 9 9 6 9 7 7 2 9 10 10 9 8 8 5 1 3 6 9 4 2 4 6 1 4 9 2 5 8 9 9 8 7 2 3 1 9 3 3 9 7 4 10 3 7 10 3 5 2 2 10 1 3 4 7 5 5 7 4 3 10 1 10 1 8 8 6 4 7 3 5 5 4 7 3 3 7 8 6 10 6 6 10 8 8 10 8 1 10 10 10 9 7 5 2 6 7 4 2 7 9 6 9 9 4 3 8 1 5 3 9 9 8 10 3 3 7 7 7 9 6 5 2 7 6 4 6 4 8 6 5 8 1 4 4 4 9 10 2 8 1 9 8 1 1 8 1 6 5 2 3 10 4 3 2 1 3 5 8 5 5 1 2 10 8 5 7 2 8 10 1 2 7 8 5 1 5 5 7 6 7 9 3 8 2 4 5 10 3 4 1 1 3 1 7 10 9 3 2 7 9 9 5 9 2 10 7 6 4 6 8 2 7 10 1 3 10 9 2 5 10 9 8 7 3 2 5 4 5 10 9 8 7 8 7 2 7 3 7 1 3 3 2 2 9 6 2 9 9 8 9 5 2 5 7 5 7 9 10 6 8 10 3 2 3 5 7 8 10 5 1 3 3 8 5 3 8 4 6 4 4 9 8 10 9 1 2 8 8 5 10 9 10 10 10 9 3 7 2 9 3 5 9 4 10 4 6 10 7 10 7 8 3 7 4 2 1 7 5 5 10 9 1 6 8 2 10 3 1 5 9 5 7 1 10 9 10 4 10 3 10 10 10 2 1 3 10 10 4 6 3 6 3 5 7 3 4 3 5 5 6 1 4 10 10 6 9 6 8 2 1 2 8 5 8 8 10 5 6 8 9 8 1 9 5 1 2 4 9 1 5 4 10 1 5 4 4 1 8 9 5 6 5 5 7 2 1 1 4 9 9 1 8 3 3 9 2 9 7 6 3 10 4 9 6 5 3 7 5 6 3 3 3 1 1 5 1 7 9 3 8 4 7 8 3 8 6 9 6 4 2 7 6 4 9 5 3 8 3 4 9 3 5 9 6 1 10 9 7 6 7 4 9 9 2 1 7 6 4 3 4 1 4 2 2 1 6 3 8 1 1 1 10 3 5 1 7 3 4 5 8 8 4 2 3 4 3 2 7 10 5 5 4 10 5 8 7 7 6 4 10 9 9 8 7 1 7 10 3 6 3 8 2 4 4 1 4 5 3 1 9 2 7 5 1 4 5 6 1 3 6 2 8 2 1 2 3 5 7 10 6 3 6 10 1 4 7 1 4 5 5 7 4 2 2 6 5 7 6 3 3 9 4 9 5 2 10 2 6 5 2 5 2 3 8 9 6 2 7 5 3 9 5 5 6 8 10 3 2 3 6 2 1 2 8 6 5 4 3 4 2 5 6 3 4 1 5 7 8 3 10 5 1 3 3 2 5 7 10 1 10 8 7 10 8 2 9 6 6 10 5 2 6 2 5 2 1 8 1 4 1 10 8 6 5 7 3 4 10 4 2 4 3 8 8 1 5 3 1 3 7 3 8 9 6 3 3 2 9 4 1 8 9 1 2 10 5 2 8 9 6 7 8 4 3 5 7 9 2 6 6 3 8 3 2 10 7 3 6 4 8 7 2 4 1 6 4 3 3 3 5 6 2 4 5 10 7 4 7 7 9 4 10 3 10 10 2 7 6 4 10 2 5 8 6 4 4 4 8 9 4 4 8 1 8 4 2 2 9 9 10 8 10 2 7 2 6 2 6 6 3 4 2 6 4 4 5 8 4 8 9 4 7 1 9 9 6 10 5 9 8 6 10 6 10 8 9 2 6 9 5 10 10 8 7 9 10 9 10 9 1 4 8 2 2 1 5 5 10 10 5 2 10 6 5 9 8 6 1 9 10 7 8 6 6 8 7 8 10 9 6 10 10 6 1 4 5 3 1 3 3 7 2 9 3 6 5 8 2 6 1 8 6 1 5 10 10 3 6 1 6 1 1 9 2 7 6 4 9 9 5 7 6 9 4 10 8 6 4 2 5 5 4 8 1 9 2 1 4 8 7 3 8 3 1 1 9 6 4 7 7 2 2 1 9 2 3 2 4 1 1 1 10 10 1 9 6 6 2 1 2 1 7 6 5 4 7 5 3 9 4 10 7 6 4 4 7 1 1 10 6 3 4 1 3 9 2 10 6 9 6 10 3 10 2 2 6 3 6 5 10 10 4 7 8 3 3 7 6 9 10 10 4 4 4 5 10 5 3 5 3 4 8 5 9 2 10 8 9 6 10 3 4 4 8 8 6 4 4 9 8 2 5 2 2 10 5 10 9 7 10 2 3 1 8 5 5 3 2 5 8 7 1 1 9 8 5 5 1 6 8 10 2 10 8 1 8 9 1 8 1 7 10 8 9 10 1 4 4 7 4 6 8 7 4 2 1 4 6 1 6 7 2 8 9 7 7 7 3 3 2 1 9 9 8 8 7 4 1 4 3 2 3 10 10 5 10 7 1 2 5 1 2 5 10 8 2 5 5 3 2 9 10 4 5 9 6 8 10 10 8 7 9 2 10 6 10 3 5 8 6 5 2 9 1 7 6 2 5 2 3 8 3 7 5 3 4 4 3 4 1 1 8 1 5 5 9 5 8 3 1 10 6 6 2 6 1 8 6 9 2 1 5 1 9 1 2 5 7 9 4 1 6 5 3 10 8 6 6 5 5 8 9 1 1 7 2 1 4 2 1 8 3 8 6 3 7 6 5 3 4 6 7 4 3 4 1 3 2 1 10 9 4 3 6 7 4 4 10 10 10 5 10 7 9 7 1 3 1 5 5 9 3 2 2 1 1 1 9 8 5 5 10 7 9 2 10 8 4 8 1 1 1 8 9 6 3 1 6 10 5 2 10 9 5 6 4 8 2 2 3 1 4 9 8 5 10 9 9 2 7 6 1 2 2 8 6 7 1 5 9 2 3 8 4 2 8 2 5 4 4 6 6 9 10 1 8 4 2 1 8 7 4 4 6 4 7 1 6 3 10 7 6 3 4 7 3 9 4 10 7 10 9 3 1 5 1 5 3 1 6 4 8 8 7 10 3 4 6 9 4 9 4 3 6 8 1 1 1 10 5 10 4 8 1 1 2 9 9 4 10 6 10 2 5 3 6 1 3 8 6 2 10 10 9 4 10 7 6 6 4 3 7 1 2 10 8 4 3 7 5 5 1 10 4 7 1 1 6 4 8 5 8 6 5 6 6 1 2 7 4 2 9 9 10 8 3 1 7 6 1 2 7 8 6 7 7 3 9 6 8 3 10 4 4 3 7 9 6 8 7 3 3 1 10 3 5 3 10 6 4 7 3 1 2 5 8 3 2 2 2 6 8 8 2 5 8 1 2 10 10 8 1 1 5 2 10 5 6 3 7 3 10 2 3 4 5 2 8 4 7 7 8 10 2 2 1 10 9 1 8 5 5 7 4 3 4 5 3 9 8 3 1 10 2 9 3 9 8 10 10 10 10 3 5 5 5 8 6 3 8 2 5 1 2 1 6 4 8 10 7 8 7 1 7 10 6 3 4 5 5 6 6 5 2 4 8 10 2 10 10 1 7 2 5 5 8 3 7 7 3 8 4 1 9 3 7 2 6 1 4 9 1 7 7 4 10 8 4 5 9 10 10 9 7 6 5 1 9 4 1 8 2 2 4 4 2 5 9 8 3 1 3 3 1 5 3 9 8 2 3 2 2 5 1 8 4 4 3 5 6 7 9 1 7 10 1 3 2 6 8 4 1 1 9 2 7 2 7 10 6 5 1 1 2 6 7 4 10 4 5 1 5 4 1 5 5 3 4 5 3 5 2 7 4 7 6 10 5 9 6 2 5 3 7 5 6 9 1 3 6 9 10 4 4 9 9 2 4 9 9 5 8 2 1 2 6 10 4 3 10 6 3 8 4 10 4 9 8 8 7 4 3 2 5 9 6 4 10 4 2 6 3 1 5 6 1 9 5 9 2 8
1764 143
1764 302
302 1041
1846 1041
1050 1846
1050 999
1050 768
399 768
854 768
965 999
399 1864
667 1864
829 1864
829 597
824 829
824 505
505 1032
1532 1864
178 505
1532 417
1808 1032
495 1808
1808 1008
495 1316
417 1288
1808 1599
495 1442
1316 334
1831 1442
1901 1831
417 284
1288 49
1831 1845
882 1845
1845 1324
1447 1008
1654 1599
49 638
512 1845
495 1009
1590 882
1590 1467
325 1831
246 1467
285 1467
638 1010
687 246
59 638
1447 410
669 1599
307 1590
557 285
687 1042
307 1384
638 800
1317 1324
1317 1852
1235 1852
1502 638
601 285
1235 1437
1049 800
1010 508
1568 246
800 1202
374 1437
1407 410
325 1591
1290 512
307 1858
1674 687
1384 944
687 847
1657 1009
1852 470
1384 1597
115 1858
470 1139
1407 318
847 1207
1233 1852
1568 1679
557 1708
1657 1322
1658 1139
253 1009
263 1597
1264 508
1210 115
1207 180
1590 1838
1264 1770
33 1770
977 1708
1720 1657
1233 1735
1264 1504
1206 253
1049 1620
1210 772
1595 1735
1235 607
1595 1272
1504 736
807 1042
977 523
821 977
1119 1674
253 1151
1227 263
1119 734
1151 1121
772 107
821 1821
504 1770
1534 1658
1843 1119
1346 1534
118 1119
1661 807
226 33
1151 1756
263 1164
1821 1064
193 1346
118 477
479 180
1227 346
1408 479
93 1595
1272 1910
504 1184
1099 1408
1184 1156
1119 277
1910 561
1620 1500
1661 971
1022 107
1770 1693
1617 561
1089 118
504 865
477 590
561 173
260 561
561 833
1496 944
1496 522
1910 1261
1377 833
147 734
865 1373
1261 749
1736 1373
1291 1500
1061 1272
936 1261
1756 392
173 593
318 825
1838 762
715 1373
255 762
1150 260
1261 915
1373 890
825 158
1156 1187
1595 297
226 1197
1496 1143
193 622
171 1291
915 68
709 1821
320 736
709 1246
1156 544
544 19
561 326
709 836
1617 1604
1809 297
242 1496
784 1500
762 501
1503 1604
1859 297
171 525
1859 1549
1883 593
19 790
223 790
450 1809
844 593
1691 1503
1691 1158
463 1691
444 1150
1604 1320
554 1691
1503 1296
802 790
1296 927
844 770
1291 340
202 158
158 1431
825 380
936 1740
709 526
658 836
858 242
436 522
1637 590
320 634
348 1859
501 313
36 927
991 1143
1308 749
1865 1022
1623 1496
810 1308
36 1633
1052 450
769 1052
1613 1187
1217 380
25 479
1736 1714
223 308
486 1809
1431 312
810 849
907 147
1714 536
790 1251
1604 1850
58 1740
1601 790
1850 315
666 1859
1457 769
25 1683
268 1503
1089 1189
973 268
313 1544
68 1453
1261 753
1521 1740
119 1272
956 340
1859 612
1503 252
1217 1325
830 1189
1325 1823
1894 1637
171 11
308 1199
1298 268
1298 1046
810 1315
1222 1850
1070 844
1793 830
159 1046
604 1714
1635 554
1548 956
858 1704
802 1758
634 909
1023 1740
1793 708
1613 1044
1217 903
380 453
1044 236
341 1044
1889 907
1135 1604
1046 137
159 1576
1671 907
784 1905
1576 1869
1867 604
1222 1752
1346 426
628 1704
1905 249
1372 453
1417 1372
1121 390
1671 962
1651 1704
1713 1869
1671 1040
1823 534
1363 708
1327 1713
689 962
855 202
490 1635
903 1079
1635 1354
202 122
1783 1613
197 312
533 486
1624 956
1071 525
271 1327
1417 34
380 481
380 680
634 1140
1865 1339
67 119
1029 536
187 68
533 1498
490 270
1787 1624
1001 1704
767 1793
409 187
1789 187
1060 1789
758 1070
110 753
767 964
1787 1478
340 1055
531 1417
524 1140
315 386
1258 25
436 286
1797 658
555 197
510 486
1188 1671
1548 1410
753 580
629 426
640 1199
1060 946
1188 1081
1635 853
1621 1315
349 640
162 510
1798 409
1188 1405
1498 941
1823 751
964 257
14 555
211 320
1189 1724
1867 914
580 1834
349 267
211 1371
201 1081
1724 1805
1419 201
1189 1666
1869 588
1081 1413
187 492
1867 1211
314 1298
640 12
1517 1865
1752 1476
1044 465
550 1834
801 1410
223 752
268 23
1307 481
640 1559
1887 946
914 1647
941 448
843 1410
996 1559
413 758
1344 465
145 629
553 14
89 784
1339 1034
363 271
258 1413
94 1661
286 1631
1079 397
1887 793
67 664
94 1884
914 266
629 698
1338 1889
581 413
395 267
1001 66
1300 67
288 201
1363 342
448 484
195 524
394 145
1294 1413
1476 53
1492 409
1363 1817
1211 657
331 801
1836 580
758 896
1034 95
758 1430
413 1524
962 755
1327 1501
1851 1887
110 923
1524 1902
531 1045
565 266
896 1472
1020 1045
664 1260
524 870
1721 802
1647 1302
565 371
1340 1020
1870 914
1721 1401
640 1555
1468 1851
1834 1075
1472 1452
555 1516
1659 12
664 1033
822 1683
691 197
708 1131
1285 751
1452 421
46 1823
1208 342
941 1078
1516 1539
395 1907
750 755
8 268
1517 360
181 996
801 845
1540 465
873 550
1371 209
268 738
24 8
1363 219
1737 853
848 755
1033 603
657 1877
160 89
1771 555
96 1302
1065 162
494 657
77 313
941 1527
755 82
482 565
201 862
45 348
1737 218
131 848
128 1647
371 1200
1795 1867
707 218
478 738
581 1571
1103 494
292 1430
1797 1057
478 608
258 564
754 492
1834 357
961 195
151 58
29 853
822 1897
1234 478
1680 360
71 95
577 1877
1834 1465
1539 282
679 448
218 1642
1075 61
866 1680
637 1079
901 679
396 1344
164 209
982 1417
357 1021
1699 1836
1823 87
1492 1435
45 1191
1737 1304
1435 1750
1414 1034
1073 151
1694 608
905 23
1057 656
789 862
1642 248
1557 1188
629 280
113 1414
1613 1766
639 1234
531 614
493 160
309 493
29 948
776 181
578 1516
1737 702
672 776
1208 874
1465 1309
1077 608
1819 164
1117 1721
433 113
1072 1040
23 919
1699 404
932 1081
702 682
205 1642
1527 995
216 1045
367 371
440 789
1886 367
1213 1694
1300 1355
975 1103
1117 681
932 543
1529 1021
943 216
845 794
738 1204
87 274
1314 1539
1271 769
1459 681
1414 947
640 310
620 1117
1340 1833
454 280
245 205
1605 1065
1412 1435
691 91
1419 674
914 695
707 1871
129 218
128 1681
465 1644
367 1003
618 776
1003 1286
1871 1278
1892 543
1004 896
483 310
1389 1501
1255 270
1016 510
1893 440
932 1847
874 1579
1871 353
955 681
757 1819
1644 1706
79 309
95 225
1278 221
742 1699
1460 1077
283 493
1470 1401
351 310
265 91
1900 1910
1376 577
248 328
342 594
846 524
1280 95
532 1750
91 475
1871 1582
69 225
8 900
845 1093
1455 96
245 737
684 1057
1908 1200
232 656
901 1640
983 216
1419 1480
1167 396
618 1115
838 1694
1435 1772
481 1185
1860 493
838 1813
569 1642
1562 1480
672 1215
1339 1083
1460 269
305 1255
154 1131
351 52
1389 567
531 744
864 567
1219 1813
1572 433
1815 1072
1703 77
943 763
724 1680
500 1093
1169 569
52 41
131 1603
876 955
1392 1278
1073 497
100 1412
189 1185
1870 1830
796 500
1021 336
1374 569
298 838
1328 100
1169 1329
1618 569
684 1811
920 454
225 56
943 1429
864 183
1167 1301
1771 537
1552 1557
1460 549
1851 1899
1450 549
184 901
430 1893
454 1209
1900 993
128 1319
1589 543
1811 809
224 1328
1847 1610
1329 1074
430 78
876 1725
71 179
140 131
42 1255
611 1412
336 228
360 841
1870 1054
1543 763
1108 1539
74 1286
1522 353
1526 1108
1033 880
64 1635
1319 1762
1269 1167
1400 78
1209 852
1572 316
1863 184
245 705
1397 993
1073 815
1450 740
592 140
1811 230
225 773
1319 80
534 1880
462 179
860 1813
213 1302
1703 745
1328 721
727 740
339 52
1860 659
196 80
636 1301
229 1374
80 1588
1361 42
108 995
1127 107
1413 467
42 1615
911 41
789 1094
1193 1209
864 373
1016 1841
1275 745
170 740
1893 460
240 567
63 611
1480 547
926 1640
411 1169
10 1579
336 1142
672 1820
1213 541
1810 87
1090 1286
1862 738
891 880
32 240
1538 947
213 1523
400 740
269 98
452 1280
1092 467
755 1335
733 745
73 1209
900 997
1126 1115
353 1303
324 993
1684 1908
565 1454
1662 32
35 1557
48 1275
1788 1772
1209 710
324 1281
739 353
902 1319
1551 1863
1245 400
1444 614
1615 1180
1059 1684
1577 500
336 1701
1092 234
1739 35
1885 1004
230 361
208 549
747 336
1283 1065
1564 48
917 891
1456 1209
45 104
424 1577
71 1626
1810 798
618 1231
1323 74
841 1822
883 1180
210 361
1209 1796
1323 449
446 1054
822 1247
1900 1051
359 1588
563 274
799 911
265 641
1507 1789
1820 728
1546 56
170 1230
1614 298
1851 545
1898 1577
111 793
982 503
549 1535
803 1562
542 1822
361 294
1309 241
816 24
885 902
902 1481
1300 441
683 852
1374 605
449 1332
497 161
212 1127
783 1219
247 1275
117 1126
212 1600
867 161
1600 1765
1577 1584
1255 1068
90 1557
799 272
471 1429
1335 1171
1662 1825
78 1
1748 1551
1780 1193
360 1561
1753 1073
447 1863
919 182
452 1707
1632 1115
1015 196
240 480
225 530
1694 51
1898 387
1535 1341
1238 117
167 1231
449 1556
1242 229
1267 1204
480 1849
1284 542
4 1849
992 1632
1707 1463
647 1615
1780 935
167 1031
535 1065
1093 1259
1723 727
564 1110
1550 721
530 1299
136 294
247 1263
799 1536
1171 1136
1218 911
224 169
1536 1581
641 934
420 545
188 739
1577 693
1486 1231
135 45
157 992
1527 466
1014 1600
1218 1212
1080 920
1385 169
589 1908
992 1027
291 1068
857 1765
1177 79
728 97
1353 707
1013 286
1163 1090
239 1651
1027 1326
838 1464
1332 1844
922 1556
91 718
545 405
228 1383
345 480
1673 1610
1530 1027
1201 1530
1110 445
559 1470
942 1536
1424 911
920 1399
345 99
870 700
730 1538
293 241
1686 188
366 738
354 1094
1562 1483
1538 105
4 402
480 1854
1002 1561
589 1162
366 16
350 1614
339 1393
1174 693
1536 175
712 1399
156 1303
386 86
761 1201
1731 1163
1882 1314
506 1299
1076 700
16 141
1782 1820
895 742
913 1556
704 1142
1155 1263
731 339
1149 239
1475 373
99 174
56 1639
1319 1904
997 1541
1301 39
1475 70
1090 1120
1459 1826
369 1550
1441 700
1748 1711
1389 949
293 415
1110 766
1310 799
1146 1013
466 518
1160 415
1891 992
741 1673
546 82
1086 1463
1897 1133
1350 230
1424 1547
782 1385
1323 929
1839 1811
1656 731
1507 261
542 1487
1556 760
32 910
174 148
869 1662
1728 1120
741 1313
214 1444
1842 1662
1744 189
1866 265
437 1483
1639 632
1553 1765
10 85
1098 1552
978 1547
878 500
877 182
103 867
1349 283
690 1090
1765 507
1682 70
1541 106
406 1441
144 99
203 1780
1841 1903
1243 1707
1011 471
618 642
333 1744
261 552
1844 1166
1525 718
1820 1226
1533 216
782 1495
1904 1154
1608 1908
1415 1400
235 51
1768 1656
80 1716
220 214
1464 1868
1579 198
856 475
618 1749
1773 761
674 797
537 765
949 988
632 153
379 1561
411 362
1399 1458
1711 1268
1174 1732
1166 560
589 1196
850 1656
832 611
924 1724
1826 1784
57 293
435 1464
1331 1456
1645 1385
506 893
333 414
366 1853
1209 1037
406 963
859 1711
1649 353
785 1350
1220 1784
1460 1380
1882 476
55 1120
1577 1479
528 542
316 1348
883 1147
1388 541
422 832
730 1471
1723 1466
1393 1025
1007 910
322 859
1421 1160
1636 148
1882 1474
1243 649
1641 1608
792 32
112 718
1902 1237
519 406
710 621
602 992
1773 968
1687 1218
1786 1350
1667 135
859 192
542 617
1138 91
730 1123
765 1569
161 408
842 1687
1310 633
1031 370
473 1421
717 272
1463 1593
953 766
1269 1305
535 199
323 144
305 412
626 519
1474 47
1888 1495
24 290
217 323
204 917
385 1454
414 1518
1769 415
1275 648
574 926
713 174
953 1757
1881 1007
517 518
1903 194
480 570
549 1873
1006 1543
1569 562
1166 756
157 1566
305 884
447 1514
1546 1560
1896 842
572 144
1709 1547
906 572
1134 700
1583 476
167 1390
126 291
65 1390
362 434
378 1271
1634 838
509 1275
109 549
1425 1390
106 1423
1212 391
329 112
51 393
1608 330
370 630
1096 797
517 72
1512 924
467 44
1366 1466
1730 1284
1873 1047
164 403
1569 722
1491 832
1128 1349
1116 1366
73 1630
1715 203
73 840
635 1903
16 1265
1345 648
1512 1690
953 134
1903 686
792 1356
355 473
630 1767
897 1237
1356 254
405 670
893 660
1757 1485
1196 30
546 939
37 378
13 717
1053 406
1531 148
435 38
1541 1738
1906 1786
1289 73
1719 633
953 933
1116 1609
1433 939
892 403
663 963
759 203
1043 1667
615 1531
76 1390
1566 50
472 1853
950 1201
461 39
562 1367
938 1160
1423 1890
713 5
449 788
1573 1356
644 1383
1331 2
1173 942
1493 939
922 1012
1390 566
422 1409
1399 1520
624 1609
671 663
1593 1513
155 1641
1383 1122
1225 359
1786 1352
1422 518
134 1106
412 1244
1509 950
1436 1715
511 671
191 765
7 728
1402 35
981 461
1106 40
473 994
1719 714
1646 13
571 949
1553 729
278 686
647 1462
732 570
527 355
1700 1051
670 931
198 1104
1243 1575
1403 846
1847 321
1292 1444
2 1803
1175 1305
76 389
1728 1101
1098 945
327 1053
1909 65
1416 1136
1685 1584
660 1660
1861 1476
653 722
1782 1236
458 1086
31 1641
13 1856
299 1247
611 585
650 1292
1252 1553
1878 931
586 1310
1827 1685
921 850
167 1625
1048 50
1175 1585
723 48
1154 548
403 358
1802 422
1853 28
1853 1506
1250 134
1488 103
204 1256
425 1421
1147 771
6 1456
1394 403
1037 474
238 38
1670 1684
646 134
28 1224
1244 133
939 1742
6 1438
585 1228
1276 1573
235 1254
671 256
1622 877
295 1047
1076 418
639 1497
1687 1812
739 1677
1473 765
1909 352
1427 133
20 624
1698 1890
92 563
654 920
1807 1048
1116 382
1470 645
1186 1244
1018 1812
393 1879
499 1252
1388 1386
677 686
138 1236
714 1293
1625 1440
186 7
811 355
1232 1531
9 1518
472 1729
1067 832
427 1230
457 660
539 299
818 1048
1701 431
538 1729
1709 1157
1448 1252
511 407
649 455
472 3
1830 1336
9 1439
1347 1173
519 959
1159 1531
32 1248
1730 775
1362 1348
114 1906
1857 884
473 1443
458 381
244 434
570 296
872 1882
1768 904
1760 1547
1487 886
1656 1195
1053 918
897 514
1698 556
1564 459
823 1332
1113 1890
703 1677
352 1606
1755 884
1256 1469
1084 1002
1311 235
1265 1295
427 1144
1048 625
1665 167
1687 888
543 631
352 1627
352 1088
1440 1655
1343 1742
856 416
1638 329
1194 1438
1648 64
1615 1198
306 1409
1293 1705
474 1451
643 1421
663 701
1113 1241
239 273
1660 725
1136 1333
1509 469
1228 17
148 1794
90 423
804 1655
1270 643
1434 217
244 1855
337 274
1270 1097
1101 598
167 489
1794 719
148 575
103 1112
764 1627
976 1608
296 609
779 1794
1440 990
83 1636
677 1229
9 839
337 168
1349 1570
960 1440
851 1117
1101 1183
1593 75
1138 1418
786 1229
1096 43
1773 1369
1097 502
558 888
1109 31
1276 837
350 1282
575 627
1598 1755
378 928
443 1015
1333 343
987 839
85 879
837 21
1583 304
304 1489
1128 1153
1102 1423
1256 27
1587 1584
28 1118
1333 301
1513 774
6 1692
1689 1144
945 1395
539 101
1719 726
697 575
1043 812
1861 1035
1205 1402
1268 1148
1153 808
1856 1100
711 548
1017 552
676 1226
1733 1198
978 1746
1367 1565
1670 81
1619 1514
1483 817
1616 987
665 416
1726 605
980 1237
1818 679
735 1133
1028 1292
2 1432
1585 1026
1567 771
1287 1100
1157 1351
1426 381
142 256
791 186
1678 1394
414 165
1386 940
1443 1039
1779 1873
576 1636
1038 514
827 904
661 1367
1638 868
1088 1058
273 1832
1622 22
1426 989
623 939
1183 777
1062 20
1432 26
1365 1120
338 1506
418 1629
954 1047
1554 1062
1653 327
598 655
566 1312
1583 966
264 85
1436 908
487 1565
1799 1347
1378 1726
806 1422
966 289
1818 1484
1161 1422
419 602
521 558
673 725
515 407
976 1801
370 795
930 40
1890 1192
889 1369
1775 615
1486 1785
1370 1276
780 812
1367 692
1168 278
511 1848
699 459
1722 1896
1253 169
1039 916
1627 88
251 1256
863 165
1342 304
1799 1669
703 887
1586 1484
7 958
1306 1254
950 429
1814 1469
1254 1876
834 44
41 1747
376 699
1515 1312
507 1364
84 665
1390 814
1774 960
716 1159
332 966
1364 1558
1443 456
1026 1743
153 619
1861 372
358 1712
337 132
468 359
303 1645
54 1058
1785 177
1268 706
1746 152
756 1594
368 1138
1148 1759
1672 429
1650 393
251 438
1741 133
1563 1306
748 1248
1087 869
1491 1777
124 103
1012 1334
1506 237
1360 1890
327 925
1438 998
384 1567
1347 568
1519 1312
1262 958
1026 1511
1368 1511
60 1175
259 1722
496 1655
925 937
1088 1381
651 1378
1428 823
1744 1176
1214 1807
474 123
1446 994
874 828
1129 888
806 1727
1178 1043
1741 1000
103 583
972 443
954 1499
1874 1370
902 1318
827 1596
1378 1257
1123 149
1112 805
166 1369
319 1113
1111 570
787 1818
1026 1702
701 1036
1652 998
587 1295
1026 743
1165 692
1443 311
3 1190
1668 22
1675 1165
1063 1194
250 1311
1406 459
1311 1357
130 72
969 1650
623 600
1105 697
498 1665
1676 1352
1318 1170
1088 951
439 560
868 1461
1896 1791
661 1030
668 954
573 1134
1159 986
27 485
1427 1024
200 1560
81 1411
1274 799
1466 974
1005 791
1352 898
1105 1761
442 1515
654 287
116 1747
1895 805
393 513
538 599
88 176
1391 904
1056 552
377 1685
826 377
1398 468
984 1111
826 206
1141 951
1406 1152
1747 1277
222 808
1662 1840
579 1365
438 1574
1577 317
868 1132
921 1717
665 344
814 819
499 606
1130 1005
1705 595
1146 1172
464 731
970 1609
652 1262
1125 1669
281 1277
185 812
514 163
1607 317
1279 1585
967 376
1872 981
1107 646
808 1816
1085 918
863 1734
979 1668
402 1019
1494 416
62 457
150 1876
84 428
778 795
1337 599
1161 1781
62 1778
1111 835
300 1148
1446 1069
1754 1270
1611 651
1082 568
1101 1095
1360 1835
317 1249
1763 1554
1688 979
328 1824
1269 1528
651 231
1483 1221
1695 649
1616 488
275 1019
696 587
190 148
57 1359
1602 1842
1116 18
1321 1132
827 520
1067 781
163 1592
1875 1245
451 1872
799 1800
1087 1449
1058 861
1508 416
952 623
491 1011
777 1114
599 1297
1727 516
817 688
714 1181
1804 1848
439 1266
438 662
1396 726
1091 595
1515 596
1203 1082
871 650
1609 398
1751 13
540 1563
60 1182
556 1542
457 1643
1266 102
1663 1646
630 875
123 1330
1709 1628
1398 1829
527 746
1223 1648
365 834
675 231
596 356
1677 582
831 1734
233 1800
954 616
1421 1828
364 940
616 813
610 1525
1358 675
1482 616
685 181
1800 1216
912 1342
388 1183
243 1113
1428 1145
1445 233
529 875
388 1806
1669 125
1391 1477
985 1719
172 711
347 987
127 1342
222 1490
1494 1745
1505 88
1087 1273
613 951
584 317
694 814
521 1404
1583 1792
279 275
894 364
881 831
1277 1664
673 1375
1239 1306
1144 276
1420 540
1580 651
1330 720
1578 1085
215 222
889 899
1262 551
591 112
1580 15
1379 1763
391 1066
3 1179
1240 984
1114 121
207 725
401 264
1776 1494
820 155
306 1697
1612 1678
375 102
1545 1512
1602 1137
1696 1190
805 1510
1537 591
1625 120
250 227
383 1145
1648 432
1277 1718
1804 1790
1382 1449
1710 1375
678 1122
1650 146
1837 739
1545 335
1387 1882
139 1445
1675 957
1124 875
1334 262

