1000
900000387 900000053
900000333 900000269
900000476 900000316
900000490 900000002
900000083 900000230
900000479 900000398
900000361 900000428
900000055 900000049
900000025 900000162
900000074 900000017
900000023 900000197
900000314 900000010
900000486 900000374
900000007 900000228
900000277 900000172
900000329 900000163
900000076 900000161
900000432 900000051
900000476 900000273
900000405 900000410
900000002 900000383
900000308 900000214
900000310 900000214
900000114 900000335
900000228 900000188
900000203 900000250
900000236 900000016
900000111 900000221
900000390 900000117
900000301 900000018
900000140 900000129
900000180 900000215
900000141 900000111
900000265 900000468
900000235 900000169
900000377 900000088
900000403 900000036
900000301 900000065
900000102 900000415
900000251 900000329
900000454 900000453
900000430 900000189
900000321 900000040
900000261 900000062
900000008 900000061
900000079 900000147
900000041 900000258
900000213 900000181
900000221 900000329
900000148 900000307
900000498 900000025
900000395 900000252
900000412 900000195
900000316 900000013
900000461 900000066
900000341 900000414
900000371 900000270
900000454 900000043
900000161 900000067
900000104 900000020
900000479 900000034
900000018 900000020
900000291 900000230
900000200 900000363
900000059 900000348
900000170 900000408
900000224 900000416
900000159 900000487
900000110 900000327
900000500 900000423
900000244 900000192
900000188 900000114
900000314 900000142
900000156 900000326
900000060 900000111
900000346 900000038
900000144 900000363
900000057 900000287
900000093 900000257
900000001 900000003
900000456 900000170
900000410 900000031
900000085 900000420
900000017 900000047
900000246 900000368
900000469 900000490
900000060 900000156
900000455 900000225
900000149 900000111
900000050 900000208
900000073 900000395
900000246 900000217
900000110 900000154
900000003 900000054
900000262 900000003
900000056 900000069
900000025 900000317
900000099 900000461
900000236 900000468
900000359 900000482
900000335 900000179
900000323 900000246
900000187 900000277
900000470 900000335
900000239 900000020
900000395 900000312
900000266 900000492
900000028 900000375
900000145 900000382
900000280 900000407
900000236 900000335
900000475 900000112
900000151 900000426
900000425 900000239
900000245 900000283
900000072 900000079
900000462 900000394
900000177 900000148
900000170 900000498
900000334 900000261
900000017 900000080
900000072 900000135
900000071 900000099
900000361 900000068
900000332 900000141
900000326 900000067
900000327 900000152
900000031 900000330
900000429 900000455
900000068 900000173
900000237 900000491
900000252 900000050
900000384 900000280
900000049 900000405
900000277 900000383
900000165 900000146
900000314 900000236
900000280 900000237
900000186 900000492
900000304 900000369
900000484 900000481
900000288 900000311
900000132 900000318
900000492 900000061
900000272 900000411
900000233 900000360
900000401 900000336
900000410 900000136
900000467 900000310
900000040 900000244
900000192 900000057
900000389 900000358
900000144 900000020
900000094 900000330
900000011 900000249
900000050 900000347
900000081 900000337
900000157 900000212
900000154 900000500
900000124 900000277
900000410 900000209
900000489 900000310
900000396 900000250
900000297 900000363
900000059 900000336
900000458 900000103
900000244 900000346
900000460 900000388
900000217 900000405
900000069 900000079
900000153 900000118
900000425 900000233
900000455 900000433
900000296 900000460
900000432 900000272
900000089 900000341
900000332 900000077
900000002 900000227
900000326 900000298
900000441 900000384
900000486 900000398
900000338 900000229
900000243 900000297
900000116 900000311
900000201 900000184
900000390 900000205
900000154 900000314
900000289 900000108
900000247 900000437
900000419 900000178
900000208 900000007
900000371 900000039
900000083 900000224
900000117 900000260
900000374 900000058
900000496 900000211
900000455 900000333
900000439 900000050
900000482 900000407
900000360 900000182
900000442 900000249
900000239 900000095
900000415 900000027
900000054 900000161
900000463 900000473
900000190 900000022
900000479 900000060
900000412 900000414
900000136 900000029
900000025 900000009
900000438 900000020
900000219 900000244
900000205 900000009
900000293 900000186
900000267 900000005
900000219 900000061
900000105 900000457
900000155 900000019
900000336 900000061
900000179 900000150
900000033 900000369
900000172 900000363
900000280 900000083
900000128 900000415
900000463 900000153
900000275 900000252
900000024 900000345
900000496 900000080
900000206 900000140
900000265 900000472
900000144 900000484
900000032 900000249
900000292 900000039
900000267 900000127
900000099 900000298
900000277 900000483
900000018 900000448
900000197 900000149
900000382 900000325
900000064 900000197
900000329 900000190
900000448 900000204
900000387 900000443
900000284 900000092
900000083 900000048
900000063 900000078
900000383 900000095
900000178 900000175
900000133 900000445
900000301 900000083
900000094 900000077
900000065 900000111
900000376 900000113
900000259 900000110
900000289 900000174
900000306 900000117
900000216 900000105
900000173 900000102
900000400 900000456
900000193 900000482
900000355 900000107
900000411 900000090
900000201 900000089
900000264 900000185
900000385 900000416
900000119 900000478
900000345 900000183
900000440 900000072
900000296 900000050
900000181 900000436
900000076 900000338
900000053 900000291
900000443 900000077
900000244 900000194
900000384 900000288
900000027 900000090
900000394 900000437
900000179 900000095
900000025 900000294
900000131 900000261
900000062 900000250
900000238 900000406
900000284 900000029
900000477 900000431
900000079 900000010
900000367 900000006
900000347 900000271
900000148 900000141
900000347 900000391
900000334 900000230
900000178 900000212
900000319 900000071
900000149 900000350
900000017 900000025
900000143 900000500
900000286 900000204
900000249 900000023
900000461 900000032
900000404 900000438
900000315 900000334
900000299 900000181
900000339 900000497
900000451 900000338
900000138 900000297
900000228 900000323
900000378 900000257
900000035 900000048
900000179 900000035
900000397 900000048
900000059 900000392
900000047 900000344
900000095 900000295
900000219 900000408
900000178 900000474
900000197 900000492
900000307 900000495
900000024 900000497
900000491 900000474
900000334 900000480
900000122 900000061
900000155 900000499
900000169 900000041
900000399 900000347
900000075 900000295
900000394 900000485
900000186 900000292
900000329 900000133
900000086 900000399
900000040 900000116
900000372 900000236
900000459 900000030
900000082 900000483
900000026 900000072
900000456 900000359
900000404 900000430
900000271 900000058
900000280 900000291
900000098 900000178
900000137 900000024
900000473 900000383
900000008 900000010
900000174 900000188
900000494 900000112
900000438 900000033
900000079 900000309
900000120 900000037
900000338 900000201
900000019 900000215
900000273 900000327
900000073 900000028
900000108 900000195
900000085 900000387
900000485 900000034
900000417 900000474
900000409 900000241
900000208 900000416
900000250 900000381
900000456 900000244
900000344 900000393
900000128 900000274
900000054 900000248
900000311 900000243
900000448 900000181
900000458 900000072
900000359 900000382
900000099 900000466
900000429 900000035
900000205 900000413
900000068 900000121
900000386 900000476
900000361 900000093
900000244 900000462
900000326 900000051
900000057 900000021
900000443 900000185
900000295 900000348
900000284 900000457
900000091 900000083
900000137 900000400
900000155 900000348
900000133 900000105
900000313 900000061
900000140 900000369
900000474 900000059
900000341 900000211
900000387 900000201
900000304 900000482
900000015 900000481
900000032 900000071
900000001 900000326
900000107 900000147
900000174 900000390
900000103 900000116
900000473 900000092
900000367 900000479
900000439 900000499
900000435 900000103
900000060 900000426
900000472 900000385
900000485 900000312
900000095 900000223
900000365 900000250
900000056 900000231
900000230 900000087
900000153 900000083
900000264 900000260
900000081 900000289
900000001 900000184
900000404 900000325
900000127 900000270
900000155 900000065
900000121 900000090
900000019 900000180
900000015 900000490
900000064 900000351
900000154 900000158
900000425 900000370
900000408 900000480
900000100 900000489
900000418 900000252
900000423 900000182
900000363 900000004
900000470 900000216
900000039 900000226
900000392 900000165
900000495 900000047
900000081 900000115
900000488 900000099
900000146 900000002
900000441 900000209
900000205 900000094
900000219 900000129
900000315 900000478
900000109 900000266
900000466 900000378
900000369 900000389
900000059 900000232
900000244 900000029
900000299 900000282
900000254 900000190
900000446 900000100
900000088 900000026
900000067 900000075
900000476 900000212
900000429 900000416
900000273 900000133
900000361 900000491
900000113 900000175
900000468 900000073
900000292 900000285
900000451 900000161
900000025 900000009
900000244 900000268
900000389 900000042
900000401 900000494
900000231 900000346
900000094 900000319
900000223 900000012
900000245 900000199
900000223 900000173
900000466 900000495
900000305 900000327
900000337 900000270
900000353 900000156
900000342 900000145
900000441 900000292
900000305 900000317
900000153 900000048
900000085 900000041
900000089 900000485
900000035 900000171
900000183 900000480
900000341 900000257
900000491 900000086
900000307 900000065
900000258 900000273
900000412 900000415
900000451 900000248
900000184 900000303
900000256 900000025
900000447 900000196
900000169 900000103
900000364 900000321
900000150 900000448
900000213 900000090
900000285 900000099
900000113 900000319
900000078 900000453
900000427 900000420
900000038 900000234
900000485 900000148
900000358 900000248
900000062 900000308
900000495 900000097
900000462 900000102
900000473 900000261
900000149 900000141
900000363 900000013
900000313 900000013
900000312 900000026
900000454 900000096
900000124 900000066
900000266 900000054
900000019 900000193
900000473 900000408
900000278 900000309
900000407 900000487
900000056 900000320
900000146 900000403
900000416 900000107
900000004 900000389
900000367 900000153
900000381 900000230
900000017 900000194
900000094 900000328
900000071 900000399
900000276 900000194
900000465 900000041
900000099 900000335
900000085 900000072
900000094 900000214
900000232 900000353
900000200 900000288
900000172 900000345
900000042 900000440
900000452 900000397
900000180 900000170
900000401 900000060
900000251 900000417
900000105 900000196
900000245 900000175
900000095 900000372
900000221 900000411
900000264 900000319
900000245 900000349
900000242 900000190
900000414 900000326
900000042 900000114
900000465 900000214
900000458 900000006
900000005 900000261
900000402 900000184
900000283 900000303
900000243 900000033
900000219 900000200
900000229 900000315
900000226 900000323
900000186 900000446
900000085 900000450
900000117 900000329
900000150 900000210
900000370 900000063
900000035 900000264
900000028 900000499
900000477 900000338
900000356 900000481
900000098 900000258
900000016 900000380
900000412 900000258
900000265 900000482
900000457 900000493
900000149 900000183
900000167 900000334
900000480 900000251
900000135 900000448
900000431 900000136
900000010 900000152
900000051 900000044
900000415 900000078
900000395 900000391
900000267 900000102
900000223 900000217
900000359 900000238
900000448 900000122
900000348 900000212
900000456 900000156
900000056 900000104
900000190 900000222
900000289 900000022
900000324 900000424
900000469 900000254
900000411 900000478
900000406 900000313
900000374 900000320
900000391 900000120
900000063 900000009
900000221 900000137
900000225 900000432
900000227 900000173
900000405 900000426
900000384 900000360
900000081 900000440
900000463 900000123
900000013 900000252
900000144 900000337
900000027 900000464
900000442 900000437
900000294 900000199
900000102 900000167
900000371 900000492
900000138 900000433
900000352 900000358
900000421 900000077
900000141 900000499
900000249 900000046
900000424 900000132
900000405 900000357
900000423 900000368
900000479 900000436
900000119 900000474
900000124 900000497
900000437 900000065
900000285 900000230
900000264 900000386
900000248 900000134
900000229 900000385
900000418 900000081
900000095 900000338
900000157 900000235
900000189 900000405
900000280 900000112
900000388 900000037
900000468 900000311
900000404 900000298
900000098 900000374
900000271 900000221
900000370 900000060
900000285 900000154
900000141 900000048
900000040 900000241
900000033 900000120
900000125 900000450
900000200 900000071
900000140 900000356
900000158 900000328
900000112 900000289
900000439 900000500
900000325 900000259
900000162 900000080
900000408 900000259
900000453 900000031
900000479 900000174
900000090 900000115
900000180 900000082
900000015 900000071
900000322 900000047
900000190 900000299
900000349 900000390
900000369 900000488
900000097 900000378
900000167 900000209
900000167 900000457
900000060 900000343
900000067 900000221
900000423 900000475
900000479 900000227
900000005 900000309
900000401 900000446
900000275 900000432
900000379 900000289
900000002 900000201
900000188 900000043
900000351 900000036
900000432 900000219
900000375 900000381
900000449 900000041
900000089 900000115
900000349 900000148
900000457 900000416
900000220 900000231
900000390 900000198
900000458 900000246
900000358 900000210
900000043 900000132
900000141 900000421
900000421 900000142
900000473 900000460
900000036 900000323
900000495 900000320
900000394 900000221
900000200 900000342
900000261 900000288
900000308 900000461
900000287 900000116
900000376 900000006
900000347 900000117
900000055 900000304
900000214 900000264
900000013 900000256
900000395 900000005
900000029 900000167
900000146 900000001
900000126 900000033
900000324 900000472
900000352 900000217
900000192 900000051
900000058 900000304
900000190 900000217
900000265 900000476
900000332 900000140
900000333 900000178
900000109 900000387
900000333 900000322
900000002 900000345
900000078 900000397
900000349 900000106
900000415 900000346
900000106 900000393
900000379 900000281
900000364 900000230
900000497 900000408
900000133 900000406
900000211 900000322
900000122 900000475
900000150 900000454
900000467 900000482
900000483 900000075
900000221 900000316
900000396 900000074
900000012 900000325
900000470 900000361
900000282 900000237
900000058 900000240
900000481 900000288
900000020 900000344
900000370 900000369
900000103 900000002
900000274 900000314
900000175 900000248
900000140 900000324
900000053 900000458
900000158 900000035
900000032 900000230
900000202 900000280
900000303 900000214
900000456 900000125
900000426 900000238
900000213 900000483
900000477 900000193
900000123 900000348
900000388 900000492
900000216 900000491
900000345 900000342
900000156 900000019
900000441 900000295
900000195 900000493
900000105 900000204
900000379 900000488
900000285 900000081
900000119 900000439
900000146 900000075
900000063 900000071
900000312 900000127
900000405 900000140
900000319 900000027
900000487 900000059
900000370 900000055
900000049 900000214
900000396 900000204
900000085 900000336
900000350 900000131
900000180 900000454
900000334 900000058
900000294 900000470
900000490 900000412
900000408 900000135
900000486 900000323
900000057 900000149
900000449 900000462
900000140 900000120
900000340 900000479
900000178 900000210
900000033 900000226
900000275 900000280
900000281 900000359
900000467 900000482
900000341 900000146
900000288 900000026
900000055 900000081
900000495 900000397
900000492 900000403
900000031 900000478
900000077 900000440
900000478 900000025
900000401 900000118
900000496 900000092
900000096 900000173
900000301 900000480
900000250 900000428
900000259 900000382
900000286 900000225
900000364 900000479
900000222 900000151
900000004 900000276
900000231 900000499
900000172 900000074
900000253 900000055
900000051 900000329
900000494 900000381
900000353 900000246
900000498 900000349
900000189 900000445
900000373 900000490
900000424 900000123
900000417 900000034
900000004 900000054
900000258 900000219
900000032 900000331
900000369 900000388
900000106 900000451
900000386 900000130
900000025 900000138
900000184 900000427
900000466 900000029
900000307 900000170
900000126 900000156
900000370 900000314
900000452 900000243
900000303 900000375
900000217 900000071
900000408 900000072
900000477 900000017
900000291 900000360
900000347 900000159
900000247 900000305
900000462 900000484
900000434 900000338
900000121 900000117
900000264 900000438
900000497 900000423
900000460 900000122
900000430 900000181
900000435 900000382
900000275 900000090
900000108 900000491
900000160 900000368
900000063 900000488
900000236 900000205
900000348 900000083
900000363 900000446
900000239 900000176
900000430 900000172
900000013 900000402
900000140 900000129
900000192 900000136
900000403 900000151
900000257 900000332
900000183 900000191
900000065 900000458
900000280 900000173
900000300 900000292
900000040 900000362
900000131 900000275
900000418 900000478
900000209 900000281
900000276 900000447
900000308 900000205
900000118 900000321
900000458 900000109
900000449 900000149
900000244 900000351
900000151 900000500
900000034 900000334
900000043 900000099
900000143 900000174
900000123 900000442
900000465 900000162
900000156 900000096
900000288 900000073
900000425 900000349
900000205 900000052
900000295 900000013
900000108 900000265
900000185 900000066
900000225 900000485
900000066 900000469
900000187 900000217
900000320 900000220
900000402 900000214
900000170 900000044
900000388 900000292
900000485 900000204
900000305 900000492
900000151 900000445
900000065 900000428
900000293 900000269
900000479 900000439
900000133 900000087
900000055 900000317
900000004 900000280
900000301 900000069
900000100 900000487
900000285 900000419
900000059 900000038
900000133 900000228
900000433 900000372
900000020 900000418
900000075 900000176
900000261 900000226
900000120 900000325
900000153 900000264
900000446 900000483
900000203 900000078
900000069 900000109
900000395 900000072
900000240 900000047
900000493 900000339
900000386 900000129
900000110 900000444
900000167 900000094
900000023 900000099
900000465 900000394
900000368 900000391
900000070 900000129
900000468 900000041
900000305 900000472
900000305 900000250
900000455 900000359
900000328 900000375
900000467 900000074
900000299 900000207
900000472 900000291
900000397 900000357
900000419 900000006
900000300 900000085
900000451 900000175
900000036 900000415
900000068 900000403
900000158 900000137
900000383 900000125
900000178 900000188
900000097 900000334
900000437 900000051
900000192 900000116
900000425 900000010
900000041 900000075
900000216 900000013
900000365 900000465
900000369 900000284
900000322 900000021
900000220 900000273
900000195 900000255
900000039 900000114
900000010 900000196
900000251 900000392
900000321 900000280
900000431 900000269
900000113 900000220
900000319 900000304
900000335 900000095
900000165 900000228
900000170 900000381
900000240 900000034
900000197 900000460
900000169 900000018
900000332 900000389
900000142 900000378
900000143 900000181
900000492 900000152
900000376 900000242
900000396 900000048
900000373 900000326
900000316 900000485
900000045 900000486
900000140 900000232
900000433 900000304
900000459 900000102
900000036 900000198
900000487 900000084
900000157 900000008
900000102 900000341
900000396 900000243
900000218 900000390
900000275 900000209
900000394 900000003
900000302 900000289
900000050 900000174
900000114 900000218
900000010 900000011
900000203 900000001
900000242 900000487
900000157 900000200
900000088 900000192
900000249 900000427
900000128 900000257
900000286 900000229
900000097 900000181
900000323 900000315
900000422 900000098
900000375 900000315
900000100 900000177
900000103 900000001
900000202 900000069
900000218 900000212
900000079 900000273
900000212 900000320
900000259 900000368
900000371 900000199
900000412 900000119
900000477 900000039
