100 94
-23 -9 56 -3 -52 46 3 0 -31 39 -26 78 8 -26 83 49 82 78 -7 51 -93 -33 -79 15 53 67 43 -13 -71 -13 -57 46 -9 -53 80 -3 -39 24 -23 -67 44 -12 -33 -47 -26 35 65 4 28 52 -7 43 -75 -2 8 -24 22 -100 36 -17 -100 72 97 14 -76 57 -75 -42 -78 83 -6 -3 -93 -21 -60 -14 80 83 97 -98 -92 -20 51 54 -38 -44 80 88 30 27 15 52 -51 -84 -92 -34 47 5 76 72
32 84
44 75
19 42
5 57
29 77
11 35
32 83
28 94
18 89
45 49
1 81
18 28
8 28
5 68
5 36
24 37
67 79
8 32
15 83
7 62
29 45
19 59
60 73
75 92
78 91
9 30
84 89
4 55
2 94
56 66
37 85
41 55
47 49
17 36
39 71
35 73
43 71
38 92
47 99
19 46
34 52
16 56
20 48
82 93
18 84
2 7
38 51
4 19
58 76
68 78
18 65
31 48
59 78
0 24
3 57
54 69
29 42
15 25
50 56
43 72
39 65
51 72
59 99
18 30
48 49
68 68
57 64
10 92
62 67
45 59
8 31
16 47
16 82
37 89
0 98
1 61
25 85
2 60
38 97
54 57
78 87
14 58
0 77
53 59
34 62
28 93
18 33
61 82
67 71
28 93
29 96
15 54
96 96
30 30
