2 7
1111001
1011011
3 1
1
1
1
001110000100000010000010110110011110100111011010010101101111011111110011
010000011111010111011010010101101111011111110011010000011111010100001101
001100011011001011111110011111101011010110000001111101101011000101000010
111011110101100001000001111101010011101110111000010100100010110110110010
111111101001000110010001111101111100101111010110000111101000000111110101
000011101000111001110011110000111100001111000011001011110110000000110100
011101110111000101000001100001111111001101000001111101010011010101001010
110000010111100111110001111101101011001011111110100111001101111100011010
010101011001000110010010010001010100100101110000011111110110101001010101
100111001101111111110101010010010100100000000100001000100010111000001110
101101011000000111110101001101010100100101111101001100100011010101001010
111110101000011010110001010000100011010101001010110000010100001011011010
010101011001111101100011010111001101110001000111111100111001101111101010
110000

