3 7
1110010
0010001
1001110
3 3
000
010
011
000000101100011000110110101101011011001000110110100101011011001000110110
100000111101101000100010110011000011111011011100101000111101101101000001
011001000110110000001101010101001010111000100010110011000110110100000111
101101101000001011101101010101001010010001011001000110110001100001001101
010000101100110100000010001011000001101001001101010101001010111101000100
111010101100011000011010010100010011010111000100111010101100110100000111
101101111000001011001101010101001111011110000111101000001011100001100001
100001100100000111000100111010101100110100101110111101001111001011001000
100011000110110001001101010101001111011011001000110110100000010100010110
011000011010111000100010100011000110110101001000110011000110110001001101
010101001010010001110000010001110001010100010011111110010011111011110101
110111111001111110010011111110010110110001001000110110100000010001110000
010001110000111101000100111010101100110100000111101000001011100100000111
101101101000100010011010010100010110110001001101010101001111011011001000
110110100000111101000100111010101001111011110001110111111100110100101110
111111001010111101000100111010101100110100000111101000001011100001001000
110011000110011000011111110111111100110100000111101000001110000010001110
000010001110000010100010110011000110110100000010001110000010001110000010
001110000111101101000100111010101001010111000001011001000110110001001101
010101001111011110101110111111001010010001110001010001110000101000100010
110011000110110001001000110110100000111101000100111010101001010010100010
110011000110110001001101000101001111011011001101010101001010111000100010
110011000011111011011100100000111101101111000001011001000110110001001101
010101001010111101101000101011100001100100000010001110000111101000100010
110011000110110100000111101000001011100100101110111111001010111101000100
111010101001010111000001011001000110110001001101010101001111011000001000
110110100000010110010110011000011010111101000100111111001111011011001101
010101001010111000100010110011000011111011110000010001110000010001110101
110111111001111011011001000110010001100100000111101000001011100001001000
110011000110110001001101010101001111011011001101010000101001111011011100
100000111101101000110010110011000011111010011100100000111101000100010011
111110010011111011110101110111111001111010011001000110110001000001001101
010000101100110100000111101101101000001011001101010101001010111000100010
110011000011010010001110000010001110000010001110000010001110101011011001
000110110001100001001101010000101001111010011100100000111000001011001000
110110100101011110000011101101101000001011001101010101001010010001011001
000110110100000111101101101000001011100001001101010101001010111000100010
110011000110110100101110111111001111011110101110011111001010111000100010
110011000011111011110100010001110000010001110000010001110000010100010011
111110010011111011011100100000111101101101101000001110000010001011001101
010101001111011011100001100001100100101110010011111110010011111011011100
100000111101101101000001011100100101011110000111101101101000001011001101
010111001010111000100010110011000011111011011100100000111101101101000001
011001000110110001001101010101001111011011001000110110100000111101000100
111010101001111010110101110111111100110100101110111111001010111101000100
111010101100110100000111101000001011100001001000110110100101011110000111
101101101010001011001101010101001111011011001100110110100000010100010110
011000011010111000100010110011000110110001001000110011000110110001001101
010101001111011110101110111111001010010001011001000110110001100001001101
010001101100110100000010001001100001100001001101010101001010111101000001
011100100000010001011001000110110001100001100001100001100100101011011100
100101001011100001001101010101001010111101101101101101101000001110000010
001110000111000001011001000110110100101011110101110010011111011011001101
010101001110111000001110001010001110101011011001000110110001100100000111
101000001110101011110101110111111001111110010011111110010011010010001110
000111111000001011001101010101001010010100010011111110010011111011011100
100000111101101101101101101101101101000110010011111110010011111011011100
100000111101000100010011111110010110110001001000110010100101110010011010
010001110101011011001101010101001010111000100010010011000011111011011100
100000111101101101000011011001000110110001001101010101001111011110101110
111111001111011110010010001110000111101101000100111010101001010010001110
110010001110101110010011111110010010110100101110111111001010010100010011
111110010110110001001000110110100000111000100010110011000110110001001000
110110100000111101000100111000101001010111000001011001000110110001001101
010101001010111000100010110110100101011011001101010101001010010011110101
110111111001111011011001000110110100101011011100100000111000001110000111
101000001011100001001000110110100101011110000010001110000111000001011001
000110110001100001001101010000101100110100000111101101101000001011001101
010101001111011011100001100001100100000010100010110011000110110100000010
001011100001100001001101010101001111011011100001100001100100101110010110
011000011010010100010011111110010011010010001110000010001110101110010110
011101011100110001001101010101001010111101101101101101101101000001011001
000110110001100100000010001011110001100001001101010101001111011110000111
101000001110101011011001000110110100101011110101110111111001010111000100
111111001111011011001101010101001010111101101101101101101101000100010011
111110010011010111000100111010101001111011011100100000111101101101000001
011100100000010100010011111110010110111100000111101000001110101110011110
011101111100110001001111010101001111011011100100000111101101000100010001
111110010011111011011001000110010100101011110000010001110000111000100010
110011000110110001001000110110100000010100010011111110010011111011011001
000110110100101011011100100101011011100001001101010101001010010001011001
000110110100000111101101101000001011100001001101010101001010110100111111
001111011110101011011100100000111101000011011001000110110001100001100001
100001100100101011011100100101011011100011001101010101011010010001011100
100000111101101000100010110011100110110001001000110111100101011011001101
010000101100110100000010001110000111101000100010110011000011111011110000
000100010110110001001100010101001010010001110000010001110000111000100010
110011000110110001000001100100000010001011001101010101001010010001110101
110111111001010010100010110011000011111110111101001111011110000111000100
111010101100110100000111101101101000001011001101010101001010010100010011
111110010110110001001000110011000110110001001101010101001010111101001100
111010101001010010100010110011000110110100000111101000001110101110010011
111110010011010111000100111010101100110100000010001011100101100001001101
010101001010111101101101101101101101000001011001000110110001110100000010
001011100001100101001101010101001111011011001000110110100001010100010110
011000011010010100010011111110010110110100000010001110000111101101000001
011001000110011010011111110111111000110100101110111111001010111000100010
110011000110110100000010001110000011000011001000110110100000110100011011
111110010011010111000100111010101100110100000111101101101000001011001101
010101001111011011001000110110100000010001011001000011010010001011001101
010101001010111000100010110011000011010111000001011100100000111101001001
011001000100110001001101010101001111011011001000110100100000010001011001
000011010010001011001101010101001111011011001000110111100000010100010110
011000011010111101000100111111001111011011001101010001001010111000001110
000000001110101011110000010001110000010100110011111110010011010111000100
111110101001111011011100100000111000001111001000110011000110110001001101
010101001111011011100100000111101101000000010011111110010011010010100010
110110100101011011001101010101001010010001110101110111111001111011011001
000110110100000111000001011100100101011011001101010000101001111011110000
010001110000111101000100111010101100110100000111101101101000100010110110
100101111111010000000