3 7
0000011
0000100
1001000
3 3
001
010
111
000001000000001011101101001000110011001111010010000100011100101010110001
101011100110111111110001100101000011101110110010001110101100001100010101
111110001100000001010100100001101001001011110011000100010110000111110001
110101101000001011110001100001000010100110110000111101001010000010110001
110111000100000000011000111110010011001110110011001111110010010101010100
100001101001000110111010000111101100001011100001100001000010100110111001
111110011000000010111000110100110111001111110011000101010110000111010100
100001001001101010100011001110110010001110010001100111100111101111110010
000100011101101010100001100010100110000101010100100000011001001010111011
001111100110000111010010000100010110001110110001101011100110100110110000
101111010100000001010100100001001000001010111000101010111000100010111000
111110010011001111110010000101011001110001010000100001001001001010011010
011111001100000011110101101001101100001010110101101000100110100101000100
100001011100001010111001101010100011001111110110000100011100100010110000
111110011011000111100111001110110011001110111010011101111100100011010001
110101100000010101010101100001001000001100111000111110110010001011111000
101011101000100001010100001001001001001110111010000111101000000011001001
110101101000011010110001101011100110000111110000110101100011000101100010
000100011100100101000100100010001001000011111010010101100010100111111000
111110010011101110011011001111100010100110111101111110011010111000111011
101011110010010100010101100011001001101110110011001110110011000111110001
111111101000000011110010110111100110101111111001100100010110000111110000
110100101000000001000100100001000101001010110111001110110010000110100001
101010110111101111110111001100011100101010110000101010101110100110010101
101110000100000101000100100001001000100011010000110101001000000110011000
110100010011101110110011001110110010101010110001101011100111101110110010
001110011000100010110001101011100111101111110010000101010110101100010101
110111101100000000010100100000001001001011110010000100011100101011110001
101111100111101111110000010001000011101110110010001100011100101010110001
101111100110101110110000110010101100000001010100100001001000000000111000
111110010110000110111100011110001000100000010001111101001011001011111010
010000100010110101000100100001001000000011110000100101000010100110111001
011111011000100001010100100001001001000011100011100100010110011011110000
011010000110111111110001100001000010100110110001111111001100000010110000
111110000100010001010110000001001000000011111001111110011001101010111011
001101100110101111110010111111000110101111111000100000011000110010110001
101111100101111111110011000100011101101011110011000101010110000111010100
100001011000000010111010111100010110000110111001111111011000100001010100
100001011000001011110111100101000010101111111001100100000100001101101000
100000000110101000111000111110010011001110111011011111100110100111111001
111110010011101010111010001110101011000001010100001001001100000110111000
110110010010011111111000101010111000000001010100101001000000001011111110
100000010100101011010001100001100111100111110000110101100011100111011001
111110011100101010111001101010110010000111001100000001001001001011100011
000100010111000110110001011111001100000011110100110001100000100100111001
110010110010000011110001100101101101011010111010001111100100000110110001
111111001101000011111010010000100010100101000100100001001011101011110011
000100010010000110110001111111001100100010111000101100010011001111110111
001110110010001110110000001011100111101111110110100101011100100000010100
100001001000001001110001010010001001100110111001111110011000101010110000
001011100100100001010110100011001000000010110000111101000110100010111000
101110010011001110111010010100011100101001110001111010110110100001010100
100101001100001010110000101011101110011011100000111111100110001110111110
001000111000101011101100001010111000100011110000110101101010101111111001
011000010111001110111011001111110110110110110001111101000101011010111010
011110101000000001010100100001001001001010111011001101101100000010011000
101101010010011101010101100001001100001011111001110000010110000110111000
111110000010000110111011111110011000111010111000101010111000100011110000
110111110110101110111001100010110111101110111011001111100100101101110010
000100011000101110110011101010101100111100000