180
1 89
1 12
1 47
1 23
1 66
2 28
2 15
1 16
1 17
1 73
2 44
2 30
2 38
2 4
1 4
2 35
1 28
1 9
1 68
1 36
1 30
1 72
1 68
1 62
1 88
1 79
2 9
1 10
2 44
2 13
1 61
1 78
2 27
1 28
1 92
1 13
2 47
1 23
1 66
1 77
2 12
1 87
1 93
2 33
2 6
1 55
2 15
1 31
2 29
2 2
2 39
1 72
1 59
2 9
1 6
1 7
1 5
1 32
1 81
1 22
1 9
2 37
2 41
2 33
2 5
2 30
2 39
2 24
1 63
1 5
1 7
2 44
1 32
2 14
1 73
1 99
2 48
2 19
2 10
2 43
2 49
1 31
2 4
2 7
2 26
2 42
2 28
1 32
1 8
1 84
1 73
1 14
1 31
1 62
1 60
2 44
2 34
1 11
1 43
1 52
2 35
2 15
2 15
2 40
1 82
2 10
1 99
1 6
1 78
1 32
1 19
2 12
1 18
1 57
1 18
1 28
2 50
2 22
2 49
1 34
1 1
1 84
1 13
1 20
2 33
2 9
2 39
2 26
2 28
2 37
2 18
2 3
1 30
2 35
2 38
2 4
1 25
2 14
2 21
1 26
2 41
2 40
1 18
2 18
1 27
1 8
2 4
1 30
2 37
2 30
1 73
2 26
2 43
2 18
1 45
2 11
2 7
2 32
2 9
2 20
2 9
1 46
1 15
1 76
1 23
1 58
2 40
1 21
1 5
2 48
2 28
1 63
1 83
1 10
1 31
2 31
2 40
2 19
2 34
3 3
