1000
28473348240.706573486328 25255936.905333388597 561062869105.690063476562
193407077285.911254882812 29579676.652467213571 128199936410.734954833984
396111231594.237182617188 2114281.323031922337 20207841881.095516204834
406421152336.609313964844 67153516.350574523211 47361108519.905632019043
238025850337.944885253906 82871058.783060148358 156778009269.216827392578
10654780045.336036682129 63886903.608233727515 12353181238.157955169678
855875393616.374267578125 4560494.104122195393 248286900807.009948730469
657271972438.195678710938 39718366.406550809741 889473023757.500610351562
762423899985.805419921875 42886870.503726243973 13686895016.928016662598
441725660867.051391601562 7729745.578564001247 832878933136.440063476562
460094156698.598510742188 43986645.221376121044 344478247558.372192382812
21095685330.757442474365 56249318.102066606283 112645262286.542221069336
108753813552.821746826172 4662901.211187536828 357884642619.505981445312
55570529128.296485900879 1196597.257347174222 823373146643.590332031250
676961511227.317260742188 67987443.888501003385 225164917033.857055664062
734275426620.423095703125 41046797.293828494847 523968375915.846862792969
519804345006.176330566406 44392349.363515391946 197011751975.483489990234
253417175961.514068603516 54732738.685737684369 124954060953.165893554688
117055534365.369598388672 37869097.272111073136 64427309317.923912048340
209042408768.787384033203 8799799.675746098161 468298172257.276184082031
597473521531.804931640625 23201961.843448590487 184664631031.107971191406
219443378800.665618896484 79516292.833667546511 404117589679.143798828125
802399940767.626464843750 28190399.472154241055 214512801349.841278076172
694502600106.387084960938 3493974.660455875564 116240712294.210098266602
821647360319.475708007812 17219085.300274644047 131024537430.695709228516
384658729841.469970703125 1955316.357372113038 492834095199.459289550781
151766456939.045318603516 98174489.741744637489 52644285275.730621337891
53273341961.354591369629 74282571.281014382839 169941277566.028991699219
199852646569.294769287109 36390325.476618729532 171178732973.325286865234
504491155209.566528320312 59467054.731402479112 494657286607.762695312500
533788777349.816040039062 57179698.435496285558 85828681066.424987792969
39770524865.187164306641 60232416.768918439746 415759944651.072021484375
126100655460.984695434570 88698002.771026119590 351821993440.763977050781
505186410434.091491699219 10496402.335762128234 372676310635.673156738281
591728174500.735107421875 37341759.312732160091 463419721093.381896972656
278972883854.672607421875 55855400.078500762582 610539147223.302124023438
145923103829.375915527344 8660311.444433303550 410679423819.135009765625
40795235286.716415405273 51393334.534797094762 22130404879.297225952148
103325550818.126388549805 18576700.732656698674 134243412028.520050048828
19826717980.849636077881 5127285.813497166149 913437426062.553710937500
10920022818.181568145752 45415442.123167924583 389995017956.547729492188
141712088578.048950195312 34144420.410068199039 45232647986.339859008789
879086531118.861083984375 8279886.316234304570 46563660373.961021423340
526268505285.082885742188 27289118.150251567364 186467642715.534057617188
792814838325.461914062500 2485060.259246612433 36908479841.176811218262
879024405220.764160156250 16406190.891607809812 231102069378.946746826172
27770174075.973312377930 71943777.929876193404 819488680818.211791992188
294143011606.521789550781 14379003.490779923275 403833603924.531250000000
18209311787.585689544678 7126659.725630594417 34673400643.202507019043
99703796602.446411132812 21924148.114450242370 31487969442.456001281738
806502693219.502441406250 1071766.145624731900 560109364473.466064453125
446670391696.057800292969 4307322.724821903743 106600300803.910232543945
80628914922.240707397461 62600197.200180254877 482976725116.242309570312
683248050726.063598632812 95464683.179021075368 693356771780.864746093750
47187289306.586029052734 32950141.376604679972 920342821350.240112304688
526876467623.554565429688 17714557.888240896165 996817560018.030151367188
36428933273.049804687500 70685826.725436314940 684588696465.955078125000
708459384919.686401367188 41924929.587883688509 73010968997.376388549805
620206038324.255371093750 11995015.709135696292 500396664871.584045410156
30969365859.247104644775 70154979.479346156120 713184521487.395751953125
65278723651.922172546387 43282674.813111580908 73431425340.087539672852
266335495732.850646972656 44246410.646186009049 606770932530.660644531250
787097186963.230590820312 34886057.690008200705 344002937339.028564453125
217927433924.190216064453 3654100.361908216961 980031002174.383056640625
391177630318.034667968750 75891121.174063056707 664626769346.123901367188
484875138839.636230468750 68246239.136835232377 807615218891.481079101562
119027408112.180099487305 17247999.810839477926 648922317082.779663085938
118750990522.254348754883 22854320.891532491893 515626545550.959655761719
364995814831.857177734375 57799498.174227528274 57891299688.119880676270
680069716702.252685546875 24958723.151861771941 61047204035.000968933105
571425955889.510620117188 97619952.441355362535 432241153375.744995117188
43623068954.217773437500 32691810.950583592057 846688435368.994995117188
388775424593.365112304688 12206250.561405360699 450696522858.422485351562
570317157495.610961914062 4358418.095545302145 54349909760.910240173340
518635534427.621215820312 93197524.361804530025 51145633525.232009887695
702540332971.057617187500 28317353.409015141428 66943086118.304397583008
606853029377.613891601562 31762590.496977899224 151544411969.147125244141
417048277244.148071289062 9741635.063860563561 177016046922.562500000000
41583250165.681221008301 91219278.402604117990 594933096947.197875976562
567237504301.137817382812 89823376.820632219315 408886490838.059570312500
47528157350.916229248047 8020028.366633011028 676186986596.362792968750
106313859143.079711914062 3500855.083092983812 174084437731.369995117188
466938971871.590270996094 10444750.938919320703 580495131507.140747070312
367893110421.957153320312 11935599.855039061978 316271825655.488952636719
824402593103.454345703125 36481258.619998626411 92079261897.031188964844
17510551641.608478546143 63795746.587198086083 991133332070.672119140625
333614738731.342102050781 83289635.153119176626 56791132772.445602416992
348127658569.386718750000 22855893.455495413393 137888613524.940704345703
733368381407.967285156250 61322801.386922515929 729821758131.523681640625
519583650720.323181152344 8440475.296405151486 18235295473.591873168945
251601531721.050598144531 17745604.968336623162 598875067875.155273437500
17590577108.257728576660 2381060.210524033755 332913423490.195983886719
13095924011.755775451660 58535691.791319862008 647365912919.775634765625
90597080420.393127441406 24772962.912325143814 63871468267.714698791504
125118465900.066757202148 54077874.971057288349 57553556885.594169616699
402262613933.348205566406 22291751.859105069190 35768488792.848098754883
856171625376.521484375000 18335682.605622988194 181128412572.218231201172
221009032770.896484375000 13705395.660025607795 979329040671.302612304688
113199054016.350219726562 56067564.713183172047 122368804745.750778198242
218821773356.938812255859 6121905.293357465416 662475478129.033203125000
35928675552.932098388672 34734006.097011938691 229347783615.819946289062
394491656593.861267089844 2081336.748758177040 875621212823.395507812500
282891926195.732788085938 25833628.663341321051 204045451066.921203613281
173661610894.016632080078 1019519.231685002451 227113649269.322937011719
578404574310.197753906250 14452036.651282232255 841765563036.641967773438
493348288657.078918457031 31565080.383670434356 268742637749.868499755859
999563853566.301513671875 25896611.820405676961 807653754498.492187500000
840297193501.044067382812 1198105.398291599937 678669361604.743774414062
475206270898.468322753906 50672974.481902658939 88908656232.398101806641
28042045453.353645324707 62067901.126911289990 532882811558.603454589844
692451024818.962158203125 65332173.140224002302 87491302895.546951293945
100525909162.520523071289 49729634.640468671918 267927738620.012725830078
35260359086.301559448242 84438853.456157028675 352776874529.152526855469
176664553796.039916992188 13816037.631107747555 90605580675.896881103516
13265798687.208000183105 3432540.791533827316 24482393056.935028076172
202021100077.445495605469 12488566.677112223580 791812472437.433227539062
211169357571.115600585938 76159221.526471525431 984436128421.877197265625
275654186572.617614746094 1205216.568891073810 24654826300.250915527344
206961073795.624511718750 37202703.781699687243 561293844776.566162109375
153405161731.484130859375 51736163.249010249972 386313985392.224365234375
97576701831.053802490234 8699788.276278123260 694623077041.536132812500
939408006376.351928710938 4777319.111550725996 461094853062.519042968750
546562082841.850341796875 56347819.390320777893 75175784478.192779541016
274724102365.690002441406 8999134.100828263909 827536896759.302612304688
307141734443.245666503906 97987592.234903335571 875246112295.892089843750
285883249912.582153320312 32164528.872594237328 261009563813.684387207031
314995265306.472106933594 32550801.705454383045 234547104092.801971435547
94965923618.453079223633 63756007.552443534136 611020536331.256591796875
159848443906.460113525391 98372753.046219512820 772688213569.244750976562
432447641154.045227050781 54565461.325598433614 232941587753.331085205078
909939982155.354125976562 10860854.523030724376 603788951700.262084960938
367311328450.498168945312 71378477.825804412365 460908972471.478393554688
89835683468.328216552734 5632454.968067597598 42354729923.811897277832
775113657784.295166015625 39336515.236750073731 225008215648.395477294922
168953537970.734710693359 32137836.287229515612 68655929902.290756225586
87501414448.704406738281 49031128.762307003140 30691456563.791522979736
237407919030.205200195312 55400259.372538499534 342229244773.162414550781
342874878193.715332031250 12212018.226854832843 154365193903.663055419922
602466637748.315429687500 57046208.983699046075 34372988690.613441467285
68996661537.688339233398 86878985.731655061245 82689319832.055038452148
623481033704.855102539062 2801411.010520224459 26132012159.612121582031
943024601733.433349609375 11247415.703858889639 557641641061.564819335938
748295507810.970092773438 65078905.572954043746 987095065166.496337890625
852846513227.647216796875 21505660.082722198218 306525940702.326843261719
262471881790.089416503906 23280842.994010303169 315634077312.371948242188
902707049173.807006835938 49425816.904290087521 341946172106.919738769531
235503336488.659576416016 10084344.347509348765 260740085295.868164062500
432536955441.474670410156 46318552.388840377331 364783441502.464233398438
141507280030.117156982422 71063590.995627984405 493734563610.400268554688
938197972615.652343750000 39863084.609362922609 844607163838.813476562500
115369353082.494720458984 68706997.136198550463 341817181178.676879882812
58900966413.115364074707 5666927.508686664514 269069360500.919525146484
747990221090.189819335938 26720405.847944404930 97727091592.782272338867
57078986270.343925476074 49857570.600813418627 38145264472.248130798340
554753197684.353637695312 2649403.481183369178 536312788763.769592285156
281269344769.609008789062 10843275.103553378955 404489095613.463256835938
44246370712.293365478516 14669938.254771092907 320686531861.783386230469
496672714726.011657714844 30439127.623185552657 54911627760.619201660156
207119750938.892089843750 75081464.214927196503 198761865510.208892822266
565824183740.528198242188 47472707.148741282523 762984687510.062866210938
217959254012.934234619141 14412685.609058491886 359952683154.882568359375
715286891921.307861328125 99060343.816579699516 587328957666.705566406250
297668145843.216735839844 1879584.432965596905 281750957477.565429687500
111968734782.351593017578 4561125.816166977398 142993892113.390228271484
332302738565.101257324219 1382171.286213995889 587199326543.798339843750
11200939273.560100555420 56482168.171588562429 847582231660.297729492188
13830617317.286026000977 44553951.860207609832 247094546075.463012695312
346871652978.939697265625 3381214.051788528915 534893708597.189819335938
21376809967.691028594971 78241480.274303257465 54571178288.143501281738
439608571382.544921875000 5235210.418109567836 509789379813.492431640625
102232987194.412094116211 60183797.063521593809 11864240188.686647415161
903917931796.604125976562 9125413.647233601660 194619696287.386169433594
141264659002.351928710938 16104675.284059084952 855942842862.147583007812
524396934499.468933105469 27931810.581069160253 10416871686.707929611206
162639169506.549957275391 26551710.701415747404 420542495319.565490722656
886693047961.727539062500 62372934.596935980022 116295947192.311080932617
29805567122.266319274902 3863690.092817122582 646062958752.693969726562
405554393781.151733398438 1657584.253781761974 654979498752.793334960938
363210523819.572021484375 84600525.747556447983 32376971653.312442779541
369200754372.442138671875 48643213.368300944567 900928075969.080688476562
30274971320.737934112549 63984982.161101378500 198102389499.606903076172
786958815255.287963867188 2919277.259387347382 135489719523.275527954102
565779802547.789428710938 5179019.583426482975 578237431208.046997070312
732761735009.961059570312 60032501.171740919352 988736015248.835327148438
660431729232.962158203125 17974594.389634802938 787201672431.162841796875
325417961211.297180175781 7621324.744006595574 77802118394.556716918945
168438414410.475067138672 8476820.371084162965 75394109402.494903564453
696630566673.088623046875 91904391.816213518381 10938616903.392646789551
279595262585.188476562500 19354744.028779234737 914482948222.296386718750
250834417092.373291015625 19082468.442718308419 103710752841.488510131836
344629114943.747192382812 98171602.681327402592 49017430855.428024291992
486529320783.505371093750 1327837.787164033623 264253576276.560028076172
94347768728.750778198242 10198522.598618255928 182634419985.525207519531
194013593617.546600341797 21261219.189241878688 957322859920.570312500000
448949242330.341979980469 42115293.902707278728 954206531263.521972656250
644762230916.090942382812 2661520.449038890190 52177151902.390586853027
961641414104.249023437500 10508577.525948705152 313107706953.678405761719
139711690241.272918701172 43960318.229250527918 658521973204.094116210938
116900630513.504974365234 3600131.161969345063 681853520166.385253906250
174725275738.328674316406 45593557.720828033984 366461161827.167419433594
18361782807.990333557129 2553749.420070250053 18434123692.816329956055
54274561018.194175720215 70825142.277425557375 731350445793.328735351562
987693318398.312011718750 20453313.238451924175 551175164963.005249023438
100622915587.589401245117 62127347.024428665638 468873286922.373474121094
854178517807.177368164062 86008051.256604641676 519100184268.905578613281
142201339668.373046875000 43638893.941990293562 778735965755.791625976562
847808470662.174072265625 17119887.679065957665 486380945219.428955078125
125682825847.601181030273 40322362.967116422951 572316609559.209960937500
125320750725.024108886719 76219888.874416068196 361824451705.586975097656
81092003376.296920776367 10929770.224012091756 213485752057.593872070312
546597713168.256042480469 2976994.635069302749 62367114709.191741943359
304242813040.409973144531 16439477.309680001810 216872985155.960205078125
922073842010.991210937500 13574257.190037773922 50046079090.236099243164
97091740663.666595458984 27247577.334209438413 720673202299.121337890625
286338813301.811401367188 4012336.537244697567 920127271070.626586914062
865047556372.931518554688 76658083.488893225789 127163544309.600479125977
574823184874.876831054688 68493622.983482256532 945320643510.624145507812
46026182294.008232116699 6627738.893626620993 16693428904.520809173584
24794675730.415508270264 61823947.158758714795 20221171896.161884307861
14095651507.061880111694 59360398.422625795007 745801543602.312500000000
925032317490.287963867188 4531317.241885027848 154841623548.633636474609
82431185690.572479248047 20149975.962146446109 246234180224.051879882812
425780110954.304626464844 20137290.161413822323 82334324866.093048095703
710324274725.620117187500 5468414.206680964679 207989922759.410858154297
89006619557.011978149414 2418800.074100640137 53437163834.380805969238
79146024246.057022094727 39181398.713751815259 41203602000.783615112305
922445967486.416992187500 59630566.785538963974 20916362567.759407043457
601540785013.084838867188 73193453.419253900647 778519238027.866333007812
20685187358.724681854248 11306583.723446432501 460256435864.036315917969
539058773486.688354492188 24848276.501396790147 738713188030.842041015625
296877114132.318847656250 6935961.309830968268 545164183890.294372558594
131940893688.629470825195 69557188.779072567821 528808905877.320251464844
114133323705.992645263672 42227742.382142528892 464242236295.791015625000
111873088132.127731323242 51197302.757963903248 349045627818.298889160156
47936624018.035598754883 1772846.127139982535 194853656648.580718994141
31397373778.827678680420 12938847.549956120551 60385435643.808319091797
563426915039.700683593750 6431467.079697713256 605259311199.761718750000
162563146176.587188720703 1076466.073081168812 854394179154.140380859375
325594141298.662048339844 7058512.699967546389 61802165343.770568847656
272922594754.443481445312 30737551.431945580989 102539605950.163604736328
195815143465.982391357422 9283830.322701379657 710681562090.991943359375
878505969960.239135742188 2262819.538227752317 836384955344.232421875000
213274410399.780609130859 24543251.668097745627 332667479967.022155761719
29718765832.211853027344 6306318.602983172052 887504776178.929077148438
11475270498.590721130371 57795871.943853735924 83326239238.145416259766
343701494629.923583984375 20576551.493231792003 647286856268.546020507812
349791751480.802429199219 1457021.412980816327 402557339157.624145507812
205590136217.635223388672 63704232.105347603559 340340931985.576354980469
326938407568.248901367188 61638343.103181898594 438463026227.475646972656
512354359215.534301757812 1555044.315240505384 156595970139.635559082031
81501837103.090759277344 24364845.191839292645 88595921351.448883056641
11937597040.194721221924 36031804.141228057444 471752001648.202575683594
50898867689.235076904297 31983112.112181048840 417686467575.128967285156
962316659310.760009765625 20376451.222359191626 949831422088.074340820312
637041864512.152587890625 12815863.292019002140 159686261151.077972412109
421675501939.742553710938 12139831.655290253460 219220812921.709716796875
404465753677.440856933594 57587465.245331496000 142477450470.193603515625
599989424878.764648437500 58309501.360093578696 809148510693.634277343750
32258330682.117851257324 49837432.574794232845 339139973615.849609375000
391245432413.830200195312 9102889.211874281988 148620968635.265594482422
795119022478.413940429688 53309083.178118303418 763170544295.083496093750
662898508779.782104492188 39034739.183995984495 162572489863.784088134766
655054086704.849609375000 76647841.343452587724 223785067256.221710205078
15552829779.670225143433 82107571.067026287317 369997801656.606933593750
172759552343.731567382812 81086997.727354258299 431602557919.269042968750
823555275345.288330078125 67986110.111068382859 40939690171.305740356445
73252115365.638412475586 72986362.265599593520 369443923388.982055664062
859549191435.462646484375 27661845.543641824275 913703467792.640625000000
990212649970.981323242188 5182024.868701576255 18184998253.911693572998
774809914230.765625000000 4432121.183387330733 14231224016.553636550903
480038226391.368164062500 19785898.661873802543 100597481935.865707397461
598443090979.553222656250 19232936.269451607019 722402710575.387329101562
364780602834.665832519531 92401956.295516565442 896382300369.750366210938
472214975292.284057617188 83866697.227156534791 246754007430.533599853516
185621412402.661193847656 89905032.259010002017 985537012125.340087890625
821749197430.684326171875 39313235.947317704558 857505258145.576660156250
933822479284.838623046875 78343820.038675710559 447104237765.663269042969
98224057968.294967651367 86772281.464715674520 82898493027.528259277344
69684458397.859603881836 91863671.736785501242 221906206262.854675292969
39404679280.442161560059 23121123.795742422342 593252857244.060913085938
420948575532.638916015625 32373002.665681954473 310251903090.791259765625
352437270223.947021484375 65621278.924694448709 577636089923.730102539062
971721153068.198974609375 30852873.396926965564 187515164504.764953613281
98980557013.403533935547 41240637.264527767897 90121248008.848129272461
65377695712.890625000000 36319835.602431640029 11442456601.197559356689
51051817698.999046325684 33069296.504245541990 877481555945.421020507812
955952071315.840209960938 16377797.827380640432 365785470090.436035156250
686673868827.568359375000 5143561.822540840134 521790357536.934082031250
258454009811.340728759766 10756720.180776964873 14508222012.906562805176
159793429117.340179443359 6794878.060447717085 280744980493.450195312500
472013937739.616943359375 14573882.850903268903 229899498667.246307373047
877038554529.330078125000 4776877.127918377519 42508411848.165122985840
42430738923.072906494141 50688969.579035446048 539606605480.115173339844
38377885890.340522766113 32889115.860350888222 67611730668.863357543945
689975294175.675292968750 1176169.857036322821 587792737584.074829101562
520193610027.893127441406 16315323.332358071581 84701151202.682861328125
289338759551.969848632812 12088893.551830304787 171803553403.254089355469
949777976162.442993164062 96355758.153867691755 545987460518.387512207031
75445154201.332977294922 47904953.486379392445 723842734173.933471679688
361606950064.717895507812 5211849.744345759973 767091191527.280883789062
471861968720.721618652344 44228278.107729427516 285771274184.972534179688
142601101327.872100830078 68898472.568487733603 25866089471.184402465820
657837699966.082885742188 73988536.864148288965 46121771266.520401000977
396480806683.194030761719 80719570.040089696646 64620697045.356170654297
480180856955.393859863281 18265136.510283611715 153260318878.196624755859
20430499700.219402313232 40160469.877506047487 23200689958.446533203125
300197622894.196655273438 56746577.440771050751 75827131735.049285888672
132928568996.439636230469 91734090.592139750719 196051652382.057647705078
258811643112.503570556641 1256176.948848999804 37684217449.589820861816
388757038494.745544433594 3198999.529023078736 790091629752.612304687500
75702085633.614395141602 32655378.930922020227 410109218007.676208496094
785658782784.098388671875 86895176.871443077922 837514732362.056152343750
11828188803.405529022217 7046445.000918245874 590213507868.559936523438
397059954212.494323730469 98979150.318914517760 727706066107.041015625000
76159531970.127212524414 7336483.732055136003 17336436153.745803833008
367133905792.714599609375 3074440.105418259744 106034370031.314468383789
208746473667.923004150391 2486751.054503216874 17354911446.517681121826
14007449178.424901962280 1723205.338747905800 297300864543.168823242188
293260975026.491577148438 78172627.807787388563 278358644003.120239257812
339927075630.283691406250 76595550.040941268206 586114217032.655029296875
43431990886.185485839844 5617986.555341809057 407213027571.797180175781
106224311814.269775390625 41084875.833252243698 178512955137.964233398438
739170129560.501464843750 60122594.884306252003 304598939169.709533691406
125985515023.250671386719 22503743.088349658996 123975636015.231063842773
550828333603.966186523438 3004263.614276568871 20051578683.338413238525
278232275641.425659179688 51789834.478158392012 15207887266.389169692993
164047538214.174987792969 85799607.598716214299 32347438294.692092895508
808684534723.294311523438 74786936.983765944839 718685642401.330566406250
108576408442.329010009766 29191711.801042832434 241759051183.100006103516
711169140154.785644531250 20256465.035926159471 68785800483.102783203125
481601354755.051513671875 73204713.847568601370 144560351291.464904785156
188268691055.957611083984 40362259.653336606920 60633954890.057632446289
292254349878.691650390625 10634336.944516271353 328007093051.331237792969
329232354508.251098632812 74180088.710746333003 649422809537.501098632812
64753544170.349327087402 3859105.448952360544 966768307310.837890625000
35730946628.321342468262 6305000.974771209061 22562761405.665485382080
85544636974.101898193359 12877316.173525018618 713714692261.446044921875
687839867367.654418945312 99189647.762436002493 153368177023.535064697266
186309801380.988464355469 3761643.609108403791 184085308070.483032226562
360008136045.968444824219 10381410.238343767822 263951735837.127532958984
33517619992.112396240234 99724466.458759009838 160042499621.840637207031
87238205975.711029052734 89726701.061688765883 35329979222.767845153809
252811824202.897430419922 27926311.540204118937 961364973870.684082031250
12173077846.315586090088 4791314.204874126241 773294243805.965087890625
151395030306.190429687500 42470268.052915588021 681414111740.128417968750
442596841061.989379882812 10864766.598144210875 230918362910.756958007812
134353476148.589599609375 99188212.618091523647 453119501909.061279296875
639871571243.593994140625 22045374.628410048783 12421005538.689226150513
74374078835.261001586914 35097812.611189678311 466532439811.240051269531
984675752325.807128906250 11767005.428187610582 107578239085.123519897461
230913136591.008361816406 51501570.237494304776 958291205147.321044921875
178463856332.329925537109 27316549.882131215185 110807076490.626953125000
517478169369.798095703125 27003378.304076701403 12970610932.188098907471
309164719178.982299804688 97381694.917228952050 817217889361.092041015625
52867222258.985290527344 66171553.166565611959 13483173248.682487487793
437273616788.088928222656 90042230.836859911680 383318764672.366088867188
495864199514.177612304688 4889523.872589168139 596001419535.283569335938
138083464589.347229003906 50180578.330743022263 186237441147.779052734375
301740789462.890625000000 46977157.261494092643 342875913456.069213867188
486297228915.621948242188 88497553.684255555272 769959095626.943237304688
944941608596.507080078125 8206765.748461902142 199322927791.169281005859
804890248425.070678710938 51999219.459805458784 18363871280.543041229248
413300737494.089965820312 71393694.019524365664 756803413941.471069335938
706923023197.251098632812 30640888.636368412524 880321452351.489868164062
71141331032.162322998047 50988679.485428929329 410386507117.418884277344
508319273744.056396484375 79430776.258373916149 624760202125.872070312500
413710131369.150634765625 83384944.240374490619 251061451293.346923828125
26580607845.573608398438 27555990.384400002658 314854120299.788696289062
242493005303.180938720703 61908705.471564762294 346808796327.896057128906
741146020686.624389648438 99612653.820873215795 530010597085.683288574219
293738807296.144042968750 39635399.051358014345 637787223162.577514648438
886967825841.034179687500 73716883.586086615920 13276920689.721439361572
37367725378.187553405762 22565129.866629313678 893607655377.582275390625
202336736020.836486816406 10675716.126927673817 74101978035.736206054688
72946330718.894653320312 52157230.268333844841 688887795734.052001953125
851930556178.710693359375 5357685.033742717467 426577865537.128356933594
206999405221.128143310547 41598478.006213009357 79366841854.191360473633
990945694425.277709960938 67155143.177216187119 901348367219.091918945312
755838217469.668334960938 30528149.866707686335 832167756392.037719726562
407781636027.419311523438 30040596.514983668923 195577960913.964843750000
719004846778.156250000000 28761346.718929991126 499918404357.042785644531
99718143948.112808227539 44587253.022834442556 980648330751.394775390625
611637027682.230224609375 1017054.843364476808 383732708564.410400390625
88663973785.921279907227 10869309.201381331310 65215015693.246856689453
891042818308.014648437500 19419597.683807905763 18001789350.538009643555
37149613869.007202148438 6218609.713293121196 128894813972.139114379883
865186138162.130493164062 37455078.343871369958 705374402435.146972656250
213524299454.914825439453 43481198.143234051764 227606892179.252899169922
64666847232.432891845703 16838264.314918976277 487146581419.841430664062
54622048694.668815612793 58399235.806368127465 730311715908.369628906250
583461422092.996215820312 10991243.330965450034 19672288610.980091094971
188831239478.631591796875 12009618.375637536868 43250647014.474205017090
231250515949.279022216797 55592046.945335358381 80919782088.128677368164
486408514234.104309082031 18957080.884728997946 986730172607.613037109375
148271057277.236083984375 1849541.710859244922 205733728716.597595214844
975066201953.904052734375 67609897.970467403531 893693805283.732421875000
217479643793.848419189453 21391809.941409610212 831469001838.306884765625
177688985907.777770996094 2062014.694481456419 152118810281.533203125000
51426285159.491455078125 22181614.885200992227 274918872140.168334960938
374208497206.447204589844 10393942.390272611752 10374335096.070398330688
422298782663.349609375000 47338258.933046601713 38575679009.514083862305
948699144329.158203125000 58109807.614764362574 352826333310.210754394531
512976388441.689941406250 43788473.608758836985 236186867176.284820556641
940235580037.076904296875 49088760.819977097213 326332937681.136352539062
506266482266.691101074219 57078514.867251046002 384470947393.327331542969
162646657797.331024169922 87897345.503464907408 189606840556.632965087891
850215255454.165405273438 16227308.768053291366 314043617414.026855468750
558451776434.208740234375 98670685.501347854733 50091346263.743522644043
767924477474.251953125000 93544900.813000485301 10481399442.234437942505
59801218202.351371765137 78951710.403006270528 800452751529.423095703125
160162219496.614715576172 19858699.885614413768 784238335721.327026367188
565043889180.044189453125 47691212.275100357831 853364241337.665649414062
210741064430.430603027344 73883558.193936794996 272347993171.744659423828
428483978231.439453125000 34406427.456822596490 576332716444.634765625000
230332453591.373962402344 1123665.275748024229 16464800559.627120971680
183484876476.714416503906 28463698.759477131069 580770491268.170043945312
586977534318.557250976562 2705705.780714821070 29967340421.100624084473
26528855887.283344268799 4305072.984694319777 884920074070.629028320312
996925762373.043212890625 2704161.338590233587 121425921555.026168823242
326188475138.749145507812 35507692.032832264900 827737957859.510864257812
19247155774.706161499023 31967780.681792721152 454089174280.454833984375
521215068606.916625976562 10164274.215923890471 182076755069.111816406250
38511356260.041030883789 70800125.083532243967 388028815605.768066406250
72199243421.290557861328 29290716.869198419154 377374669019.641235351562
83933921932.509277343750 52453283.342803202569 864657352121.116333007812
289402712124.487121582031 50172888.566490225494 650810159564.451293945312
36893663821.090751647949 5300724.027505815960 198436437099.278411865234
509364104377.510131835938 73962174.095976948738 755971474681.372436523438
173680433307.523986816406 6478463.412051456980 209073083302.990417480469
227669195671.306518554688 2153810.810072092805 13271833048.647363662720
855282725036.841064453125 43108157.407867267728 710960762097.051635742188
151615403661.663543701172 97420153.771368920803 813391668623.173339843750
44714225248.123451232910 75952411.464733511209 211793719036.986267089844
54106760793.959999084473 64950432.884060263634 460649446833.945678710938
386706722944.520507812500 9381312.304291840643 373170312059.055664062500
752733572239.226928710938 15388664.643069323152 273918470200.284118652344
439031841158.058837890625 5421843.512897857465 40000212800.283027648926
142354516536.050598144531 5480852.874398179352 333740726168.444702148438
13346471786.278760910034 15997065.734542241320 278932058180.675292968750
85593285677.143218994141 15877976.105025550351 187036012142.419616699219
42669200855.040519714355 84632575.762812241912 167892649081.173004150391
431035728465.470764160156 97583306.954805791378 718800036000.052978515625
377445863335.680480957031 19971320.865569427609 122126703222.881332397461
103774718863.060562133789 50734271.720008328557 710511223386.485351562500
226297750191.632141113281 39071887.563940927386 524260853337.725585937500
156821135370.042266845703 11620900.899608062580 233944003329.366729736328
775197247486.708251953125 52315700.958752423525 222301466925.759216308594
41131736691.494445800781 41460288.171549625695 502214453010.860778808594
517831877019.151000976562 19086205.048808820546 48779690868.117500305176
621044497705.975219726562 1141548.391691982280 748826820156.926757812500
549213055620.988220214844 25267080.535096410662 703304314070.613647460938
632693391609.308227539062 1977995.867002007784 450031169203.140625000000
102605610949.063247680664 76819704.376280903816 58460499293.895713806152
811647648032.861083984375 36408534.862689159811 695211127047.622680664062
275959568467.731628417969 12524785.860160257667 137273869067.853469848633
51018063259.086227416992 4784004.163103221916 387394168265.760986328125
909743016589.814086914062 2957186.595646672882 852804140022.498413085938
18504010723.184703826904 75803313.942277222872 604662917069.353515625000
372686840134.604003906250 31493624.648869249970 264131195770.419830322266
66100800278.376075744629 95719452.763352349401 25884396701.101226806641
453110971899.902709960938 30507028.583628579974 618418876424.561401367188
58071374376.840843200684 65103039.397805705667 312151718402.106018066406
109773370465.857315063477 1443354.078826758312 10233988178.406976699829
118694455538.060714721680 24780635.331431038678 306355727590.715698242188
67626364490.084411621094 3291174.764006630052 73069001734.456207275391
135025331789.716598510742 52079367.663865037262 328012705721.884277343750
64225552496.601669311523 3768318.316277862526 151346184907.816894531250
15017128745.916025161743 94927169.253445088863 328023745641.346313476562
500978362703.062500000000 34044370.227743834257 422958933559.584960937500
308150098599.036010742188 70740786.885677978396 589950355054.378662109375
14227594110.511442184448 49805654.782537616789 69809585776.911376953125
330824399805.423217773438 34401659.395120128989 221854878703.061309814453
61752867275.542564392090 6017121.035741484724 377645427257.218872070312
12683929317.194305419922 43601095.612092010677 936712869975.239746093750
183741836687.299499511719 2933625.570833339822 415635441576.618896484375
113794892779.620178222656 84324167.174293950200 354710902802.732055664062
50071241104.813682556152 9181076.528648557141 332166844639.680664062500
165971763993.920318603516 95465970.362600445747 605070479617.719604492188
224597326680.336029052734 49525603.133755840361 20239434932.175418853760
919523381677.881103515625 93087244.746453985572 172805609548.521484375000
431151833659.540954589844 28635905.673307403922 906306360961.537597656250
946818422757.494384765625 11013615.636484704912 777229724622.494262695312
515675580940.802551269531 71480027.136863559484 499762264760.963684082031
137259148562.460311889648 51683221.067624747753 828575818150.482666015625
233065382108.623931884766 89934928.856715887785 450035647766.323364257812
929156013192.212158203125 62648051.803627975285 799911144703.840454101562
15666625686.297666549683 1496858.751590004191 385842924703.428466796875
256356387033.287109375000 85372331.618076324463 455482877684.720703125000
423331103115.888061523438 25791907.576044622809 845329771326.148925781250
139397685119.680053710938 94015549.385468095541 461141111762.048706054688
820148107848.443481445312 43215170.660424120724 193250474940.532653808594
700734544942.441040039062 7988708.410343909636 76250066587.149322509766
160071336749.683929443359 16446405.746155584231 452072739334.421264648438
84572153275.674728393555 43457324.184022970498 132410786017.619049072266
160323408862.059234619141 59406103.175458826125 747088446524.185180664062
513072018789.268920898438 42135988.758527040482 445625695400.768249511719
811709824964.157592773438 51533458.602583102882 517635594476.046997070312
151924579468.351379394531 22079086.538269322366 151560293739.962127685547
569765738326.384643554688 5310597.973933840171 67590917985.061164855957
811309980616.965698242188 78282286.161165505648 57045285528.719398498535
32014050417.186439514160 5536216.291263902560 179914631467.575622558594
165218781962.303680419922 92401425.104356020689 54576945207.302276611328
331351900095.427612304688 2853741.956710884348 413892601168.281372070312
327059621270.865295410156 35191990.727805413306 82227443017.251831054688
395815642248.216186523438 32806047.607354708016 270057709192.392913818359
100164457921.536102294922 53217812.862916000187 175811726874.828125000000
694004112045.704345703125 14086693.471819845960 495202807179.164489746094
17101423740.297742843628 41525688.510397836566 247392366448.151977539062
814522372339.780639648438 25623984.116351541132 696852242375.204589843750
480364844707.114990234375 2281979.340495509095 71370991493.636016845703
387727939007.529357910156 17737132.260525301099 860784134107.320922851562
167099816279.061157226562 13728124.962434433401 261032439968.128906250000
62004721111.830787658691 46998054.516971543431 224258492068.696990966797
306774870323.702514648438 52361897.069611363113 869760962582.037963867188
255746094522.329406738281 36503569.457742199302 591964635940.849243164062
474969987631.480895996094 1084328.223849072121 19293098324.561603546143
375799172465.652099609375 19070452.658692240715 222725457910.356384277344
529897703481.169982910156 11704320.487231371924 319613949143.433593750000
786284474588.756347656250 52547391.505847357213 70579977179.317779541016
223567527079.659820556641 66595437.406519614160 516009128821.764465332031
43420407762.160881042480 67919545.387372136116 436708109907.035156250000
561678294308.384033203125 5088602.103964859620 104069497347.429855346680
768687413217.225708007812 59651933.695336952806 266738810771.946411132812
94334049582.372177124023 1136765.252920963569 876085958620.772583007812
331850020128.062500000000 7888063.647415302694 758131642851.247680664062
154587920568.303649902344 4101114.052080562804 770379188770.625610351562
238673621881.014312744141 24808053.157130986452 692524091652.744995117188
84922567008.493820190430 15302809.124517859891 593695297678.192504882812
454687324730.484558105469 6104155.844867819920 105146267482.073104858398
180440300590.587799072266 3014773.318981267512 130680426600.360488891602
53828815499.702880859375 4407896.806820672005 274805476085.966369628906
529170040395.917968750000 11684934.046589959413 857123763556.604858398438
791146630680.920654296875 2233636.510213802569 947372145430.593505859375
141917502569.166046142578 10117123.360225057229 617936997579.937255859375
670096451176.132934570312 4718632.482649821788 44112873939.422500610352
75196609496.879989624023 64663621.344774201512 139406642169.816131591797
724496504146.348876953125 90820682.144330635667 17960958878.324005126953
489932890497.955932617188 21394289.451926898211 111113691570.537628173828
228544781741.780639648438 1658055.321765701054 182039666093.578460693359
486435424242.897460937500 6805475.969471718185 62910352855.725776672363
222946228546.456024169922 20768150.132769789547 757905855592.229125976562
43099237294.259361267090 80793013.601843550801 751876979084.776733398438
423023964848.555664062500 1027923.596804548986 121517352946.065658569336
161035776497.487396240234 49707407.626138798892 53740965377.234535217285
130837889528.192031860352 18817953.962437562644 128821369818.963607788086
11813116124.185600280762 5486447.195174556226 377917143240.616271972656
247908238865.783996582031 64272992.734186328948 83607770498.906875610352
421146831009.726684570312 71588382.239667236805 473509339459.782165527344
475016803449.178405761719 96094148.514246061444 300628486070.528320312500
386037794331.082458496094 90446978.903997957706 16113202022.332944869995
626569973983.716430664062 97282104.497931420803 839461662980.174072265625
34522870378.562713623047 50816855.268273636699 92421117606.845901489258
793565111341.616699218750 2109804.037520602811 382477801303.722595214844
114330778368.695724487305 92865894.763170838356 303584507691.981140136719
16486589788.813453674316 43854271.615743413568 144964290853.831726074219
25623612162.160442352295 46815815.652186386287 23242325175.018241882324
896549644923.933105468750 43999307.482038855553 489985294510.334106445312
485171150613.767517089844 28558439.459933701903 450901589329.011901855469
342115706157.483276367188 75751779.295151039958 501618872738.327270507812
140878267431.901458740234 76575472.424451544881 869314430399.568237304688
218558970858.468078613281 16951155.507119610906 309543740184.368713378906
483647347655.017700195312 63135462.556703634560 917684495385.917968750000
866181906761.079467773438 4617560.276384845376 285322130229.580932617188
53287151306.329795837402 19212251.658936623484 846818786109.470336914062
341351548144.398315429688 8199613.751800433733 25023938474.889225006104
347909592924.795471191406 32564712.674237996340 19164425868.467044830322
652477017282.645019531250 14261955.044610138983 889343085598.513183593750
36766289600.872131347656 17175722.876426540315 298272028990.408203125000
247375321339.612823486328 8535113.519449556246 938656111461.987548828125
385912063193.167724609375 50308157.543665900826 79820038855.555206298828
359021187834.677856445312 39622123.738662280142 431962554983.847839355469
917582625074.030273437500 1684923.937334439950 880573939719.114257812500
489672694076.001220703125 68989788.830484643579 243016653374.299285888672
77812476537.458892822266 4329183.321107481606 792505614232.888427734375
411026094182.996154785156 27161425.180040251464 121736091857.744003295898
10238818480.580209732056 78465315.898547604680 627912020111.364013671875
31477579980.246837615967 96745594.504857137799 948283785423.057739257812
57627064138.366134643555 1421313.157250792254 230441651482.258239746094
389016733789.443664550781 16046766.203239081427 118196930035.222412109375
137035560842.091033935547 2471336.297706433572 238140440541.300598144531
681896372010.288574218750 21593264.736760724336 981939585427.108032226562
492283315384.353942871094 6339147.040705037303 252044229877.444641113281
987820120957.308471679688 94225193.196221098304 297502735113.000793457031
138800812027.236083984375 17561289.279408641160 85390485794.415023803711
165829996730.622436523438 98470540.867480456829 383961656075.788757324219
521040701399.283142089844 25502438.390037212521 727198877404.508300781250
785382006761.196166992188 15999951.360036965460 574158491545.906005859375
381843460306.477172851562 65012009.315006241202 418874854382.965576171875
174854155990.035583496094 64119683.901790559292 15562371383.586755752563
541741328244.208801269531 27379353.456806562841 36111917403.386878967285
116649253284.937149047852 3123402.662688009907 251734541241.160858154297
874089009538.925659179688 1855302.353154625511 841086282111.798950195312
917933234668.952270507812 9098596.928510565311 898828865416.880981445312
441170410140.386352539062 4163073.295971544459 43566159855.906723022461
191046285149.742736816406 4980045.924282723106 26585239888.836860656738
619633770368.230834960938 41615242.305551283062 282827653713.346679687500
554731599674.969726562500 95955137.818616047502 901676460057.798706054688
117379794218.378417968750 40550700.216349646449 240891524991.596221923828
50020761027.142646789551 25736684.523448962718 18010497279.801631927490
291848539336.806335449219 44972170.993054009974 54006823433.517127990723
114105064778.425750732422 4596479.409660826437 14981615323.549280166626
304154164811.013732910156 99557695.767201691866 255498170965.856323242188
313694885736.292358398438 39746479.166285574436 858403760195.664062500000
727078111198.072387695312 1616829.993043689989 265607020262.977600097656
263094294034.461090087891 10826550.004222182557 312503335803.120483398438
265424845271.344146728516 59077275.216257005930 66577623613.012809753418
108085930763.005523681641 46713161.680857568979 729983815129.155517578125
118457991119.589279174805 13707931.109682628885 373729924687.687927246094
322340798304.419982910156 73053317.731057688594 281195975864.164184570312
37417806813.575241088867 3508598.127262553200 753155994117.816040039062
789940066741.347167968750 23352046.075124431401 714464465909.479980468750
35189042018.130622863770 72500619.650232374668 19889878633.053359985352
21292901177.082126617432 33792618.517009936273 270232008900.018035888672
325458586802.489318847656 1043358.039172020042 597359006202.301269531250
186192315588.005767822266 36034248.821834497154 41137353898.137016296387
84066319872.705612182617 50118818.597885288298 583458545450.754760742188
308866925664.584716796875 28399662.901578232646 992149271267.743652343750
33371317813.468765258789 41871412.986577510834 246283309436.049652099609
427790527854.264587402344 58230820.241017624736 56970758840.201362609863
385201180507.933715820312 23068876.818409841508 455156589450.643554687500
794078270743.382934570312 7979993.963974654675 418477612375.183959960938
140364959576.428161621094 84599275.027936428785 602455316334.362426757812
529066363344.948242187500 1396900.303634836804 122832613473.025619506836
560473586839.369995117188 1004931.966122702463 168615998249.318634033203
134880361533.741943359375 45556793.323700651526 729596366103.641723632812
770083973891.249755859375 15751736.984177639708 58761490110.397628784180
214332925483.803710937500 39753717.039811812341 120747646748.239624023438
16216836129.096965789795 14802205.131659561768 697397833999.559082031250
57672657938.650329589844 39811854.871358230710 983801718790.690795898438
186680211752.153015136719 12904627.767829392105 91515595068.578918457031
336335141726.487182617188 52082174.238819763064 714875815091.830688476562
410434714748.900512695312 82327636.992788299918 844941869178.182373046875
806025262692.075317382812 31102486.633932910860 543610961164.249755859375
214872726580.370239257812 1312508.629602336092 692971647272.062622070312
140209991892.384979248047 37481289.494836531579 396267747111.952148437500
18041146750.136898040771 17542992.607809938490 22703998910.685443878174
582471640543.700195312500 5106249.784445586614 492693380836.336914062500
675496460562.930908203125 4653780.242694083601 600465949530.864379882812
88501341913.045989990234 60701225.186020813882 477011866863.448913574219
20573987935.686027526855 2274921.861449047923 584688596340.150268554688
18847633054.569122314453 4445352.921408313327 235913284166.156829833984
545243414928.752075195312 2382176.597060419619 762284187141.121093750000
10010166782.774040222168 11705684.542574694380 21386887525.294101715088
524754153150.293884277344 60302177.670817382634 17770010270.856800079346
874100707388.127929687500 9353934.853788902983 399143964396.355407714844
510151895416.167419433594 35661618.074182100594 636337825119.532348632812
882229883700.148681640625 91146780.061090007424 30940597513.164817810059
860760030433.971679687500 37624080.368855349720 178435390263.505981445312
552130768691.640502929688 11303248.948449030519 107425657920.863311767578
957737331976.145751953125 41954920.037103533745 534826052227.264526367188
105952866385.152343750000 28938518.452415294945 367200837085.754150390625
218742796109.078796386719 27646481.554621461779 141732222413.453613281250
42307820327.445205688477 86415034.629137828946 671940914467.680419921875
174772765610.155578613281 84177633.426078781486 324035764643.063232421875
628675662146.489868164062 12030125.354867352173 265798672763.695556640625
722486797860.310791015625 61469102.961907558143 29732596672.393478393555
309892015619.096984863281 22116501.561773143709 694004616885.666015625000
131878498456.528854370117 5096965.009786809795 38272247604.309478759766
34844115662.997795104980 1299264.793217820814 592780927019.000976562500
226986268121.316101074219 58236484.804858893156 691259968003.884399414062
166261671485.392730712891 6121666.382260022685 20929226326.858161926270
73036795893.784851074219 11869911.625871917233 184492048627.941375732422
813824467341.328857421875 40518111.557840824127 464696379302.534851074219
552572087374.613403320312 13059406.394329203293 190267759996.637207031250
624118317074.397583007812 46506747.619335643947 17933590672.151447296143
715994437215.057128906250 1113162.259731502272 129329583926.099090576172
196439049575.231414794922 6568553.646785861813 937644335083.655395507812
662098218565.872436523438 43841069.950529918075 622433742813.868896484375
643061569477.795166015625 81234292.117626652122 29927322615.503105163574
36144615516.421127319336 34011116.745491705835 37661283997.043716430664
66149652274.888008117676 24588009.790965829045 688026565905.374145507812
907342885753.157470703125 71454751.173641085625 83622311910.501541137695
220872369564.066009521484 70502631.937367007136 175986245545.065307617188
868068294435.138061523438 9690005.209370382130 957158134825.578979492188
392136416681.857177734375 61527622.041191160679 936886461927.391967773438
663312632508.245239257812 17782798.449886802584 467513888827.516174316406
69146902401.176177978516 45353385.057170994580 83824749945.101776123047
428387887647.548706054688 62385116.848751008511 941738128822.661010742188
859590081567.456176757812 25187550.036902405322 89782632005.524993896484
136209299002.393600463867 88340890.833272248507 84830048215.808258056641
688218688734.880859375000 99746701.603661701083 102768523611.240585327148
802491865299.724609375000 2440980.112346777227 687295675295.416625976562
984334919955.990722656250 4040873.283998522442 39954540923.142402648926
909723168026.516357421875 21640765.986999869347 523123835422.091979980469
470580838150.124633789062 24457231.101154569536 84063911632.323989868164
847452135166.573242187500 40153748.260104157031 709505401545.102050781250
636502659785.524169921875 83652100.248487889767 15876888060.418577194214
916180548198.664916992188 15894301.783255588263 287259541364.748046875000
111999556494.569107055664 76991874.116641849279 46359296961.416465759277
374674220436.704406738281 8218192.838129682466 816006924467.592163085938
924384079610.306640625000 48390599.136505633593 198339134281.952392578125
135074142697.581649780273 8015785.227766764350 482194325092.558227539062
30706300786.193954467773 34191362.738764852285 469178141689.913574218750
95900418471.017349243164 49471866.714048489928 158420840623.576354980469
425671088653.998046875000 41111621.398916877806 34945331676.257019042969
876163623560.871215820312 80967155.850114002824 633291248150.528320312500
124826063778.811676025391 88736177.122939959168 670606532389.998901367188
221151903413.624847412109 12405998.788002202287 865076733207.470214843750
194342272918.009216308594 33897604.122792005539 131643761376.122131347656
822110141614.786743164062 5190909.389136292972 161529873270.315277099609
537922969487.447021484375 58565686.247304856777 499527745586.381896972656
247997651536.627868652344 67251841.813327327371 536610586760.593994140625
932998743757.797241210938 86068428.326533406973 132652043212.775527954102
11840802593.964305877686 16089417.140644866973 490565967733.989257812500
39319793804.749252319336 19088776.859207432717 787019916822.444946289062
253841630814.190216064453 28766655.007749356329 39394063094.308128356934
238507267035.155395507812 34557881.407891139388 147390487662.137359619141
521280948832.464721679688 83282309.255688503385 10926517764.100225448608
288139647813.542541503906 6683730.485385793261 152266778493.337615966797
280403148800.034179687500 21499277.426603566855 658293781480.539062500000
713498780288.644775390625 39463314.558397889137 629249339962.169189453125
531139452571.749938964844 29656028.818907406181 21485821286.341476440430
62695555729.329643249512 32941879.075562693179 20463510209.127075195312
643388887116.406616210938 53031384.986678004265 100140236684.134094238281
430160039430.856872558594 58201209.046821460128 724461426004.388061523438
527155698936.582763671875 7042610.652368062176 865577901901.529663085938
635307855755.860229492188 11358041.649889582768 68141560521.178230285645
10134264070.722723007202 28548184.371110014617 320626986766.199645996094
274347543716.569458007812 48793671.739270761609 141733126704.007598876953
593573058485.203369140625 6244264.216572657228 155591620590.375366210938
486070286056.882873535156 11907288.805580481887 319055224259.269714355469
32488657646.686611175537 57553478.918976843357 705593567294.661254882812
17039077902.724761962891 13655469.056269105524 828777287628.643676757812
994311706260.329223632812 71226853.392552092671 316547547771.341064453125
460381632235.004150390625 49313687.439270250499 105428852896.629013061523
149880685019.544342041016 71439032.331649973989 619125493084.587768554688
66695900181.184036254883 28995679.350970782340 26614940527.821323394775
316340290187.945983886719 51564925.552732840180 158835206065.657104492188
868031086389.695922851562 31929089.596028938890 529917174618.626342773438
26375856950.479938507080 94824634.518262460828 410477956039.607238769531
44213689898.906257629395 89191337.598866239190 193110129155.736602783203
115284458979.065109252930 76022513.338684543967 70924897355.040374755859
20339644058.031379699707 16338745.493180390447 870814593326.129882812500
573414512127.752685546875 27767381.635546490550 759614414151.366455078125
29344871296.688705444336 92161744.328253731132 56934186638.846443176270
952643306148.870361328125 55998717.912751398981 49701583699.790397644043
650143424463.419555664062 28529992.047486755997 733912939796.721801757812
384170895786.974548339844 32922469.448666464537 266819997396.288360595703
261355485109.936981201172 7354666.076865538955 109960398398.083984375000
436090239335.521484375000 69759541.844548135996 972178865367.498657226562
513320550094.694213867188 92518336.637720450759 14893246107.500545501709
161975028774.353790283203 89944437.736709147692 224815227778.572967529297
277323730015.314636230469 16980213.817730251700 183566702418.028778076172
838456094292.040283203125 2721520.978030889761 725712224059.952636718750
742275549936.005981445312 97068587.317763090134 17943917913.108100891113
88119521752.955627441406 96231414.604830205441 31824763180.561298370361
117619150603.555221557617 14790424.849056979641 908592215031.473266601562
41188122470.942039489746 10783572.044518202543 766262953587.651977539062
96853464147.003662109375 7445647.500031105243 49517931048.957504272461
958857333624.587036132812 33689091.581045642495 99763820699.016769409180
55776673696.114440917969 60301668.569142006338 299811164574.821960449219
681804564321.718017578125 29008968.100526709110 237397557386.098419189453
355333285791.805053710938 37802331.673337608576 501867818281.132263183594
522943951194.957763671875 58561679.298187293112 65584285882.792678833008
237512342291.664398193359 3799446.484261272009 93904352645.825225830078
98079901601.597885131836 40876811.561205759645 77386067461.388214111328
837171246442.831909179688 16192479.987502323464 709126629837.378540039062
48124082281.392326354980 71605393.566488891840 780730697861.991455078125
17007678634.807079315186 88239898.123384937644 295639257145.296020507812
926470875302.012084960938 57078599.332544766366 721314288074.599731445312
576514640590.214477539062 4066042.775537610054 132837595103.842102050781
680530550676.875610351562 16586495.371993536130 95490242413.652038574219
805748785318.901367187500 27763637.904142171144 145193620766.439239501953
57170199657.644828796387 43865768.075351588428 615872335841.666259765625
839489023406.704956054688 98297630.092030182481 762517810444.585083007812
50351627848.355857849121 45336862.004180014133 196822720944.996643066406
987665113772.096435546875 84148953.860955744982 123678720412.821014404297
15244234915.262117385864 19749873.710888996720 881081655062.930908203125
30013107251.211391448975 43748788.020653955638 149881870457.639984130859
123526006997.678222656250 2879215.046688500326 764197887898.752075195312
967093182608.281494140625 45741016.267310254276 343071902479.006774902344
645897895305.308349609375 49384790.957316935062 510900191358.480529785156
521912491050.452514648438 92101532.412105754018 401082019683.054016113281
109885358886.035247802734 61227293.473317891359 83643952871.045440673828
311120569878.148864746094 3981339.853476840071 531550431448.802734375000
448531341221.280578613281 19104967.347418248653 344706632368.997253417969
718842271659.292236328125 14541342.613110337406 68672575645.302780151367
871959855259.440673828125 1578221.976156302495 629286559914.257324218750
711547815803.846069335938 81254353.605363294482 790648845630.665771484375
142032157661.971588134766 1561192.223759168293 201845467461.255401611328
628423037665.778930664062 2919175.804238584358 229908026748.460540771484
414927600531.885131835938 51468428.222499996424 73120151699.279159545898
456243944759.055725097656 10383066.035788841546 410907258343.512268066406
922013341696.006591796875 15634791.271411454305 610000606714.926757812500
523460069617.203186035156 4266850.018860249780 788568802035.021118164062
107614582269.051437377930 19084785.572455417365 954647881153.262207031250
667490763087.164306640625 65492793.389683999121 374471676107.746276855469
13890923027.257598876953 40605607.786228761077 982646417129.005249023438
35028103488.625297546387 82083087.386000320315 300364933018.581665039062
123826645996.911010742188 1724089.299158556387 139644682465.509368896484
74480192863.254013061523 1019471.856527220109 697529803295.154907226562
22639464648.218891143799 14618165.650706160814 496780964602.225158691406
149815262455.974761962891 16000670.327020764351 51644214166.205955505371
14990420316.778385162354 5528546.324053209275 584385423135.123657226562
16045395049.635559082031 8333067.777718623169 10040586297.831075668335
77646129572.603591918945 16925613.023343499750 972297036072.922851562500
54206815213.192039489746 89186368.173953980207 796893150815.238403320312
286166883760.336425781250 78198798.093051061034 38196852622.902809143066
755843604217.016845703125 21949323.572510667145 238596652378.654998779297
184099951894.102203369141 65628049.013129681349 548236023654.203674316406
620499584506.561523437500 47067435.955366633832 11759331196.202499389648
701816534230.908203125000 97463812.624116525054 257211091136.989562988281
188247704794.547515869141 75209607.691817283630 932769124262.871337890625
618378659207.454711914062 53600161.548460140824 359370775587.323913574219
138369656051.718383789062 7022788.958972430788 537954041062.971069335938
36001955980.010597229004 23639536.231442384422 96016042445.348022460938
464763968242.112060546875 6375719.485850063153 350573394743.357727050781
940539124769.393310546875 83531644.733399048448 136269333371.671707153320
451408974402.457641601562 5916811.299785122275 733041432078.278564453125
702559000968.557373046875 16281973.339698851109 128825491654.073104858398
315878621272.701599121094 2303859.242196548264 530458268471.086853027344
772302655450.935302734375 22130086.233417753130 997761887690.020507812500
268402264110.140502929688 13136195.043418765068 784603218009.569458007812
582944569901.092529296875 35086168.693025253713 440450004445.605590820312
301245070134.804992675781 95331031.013148427010 704479888246.331909179688
116460725925.257461547852 15900233.767094478011 553815416180.315673828125
12158002383.742223739624 28843023.736071016639 14572885018.422025680542
463778101429.653137207031 31450793.573502499610 45675878068.790649414062
103907341491.344711303711 5541941.381283808500 190323889594.355163574219
717246952641.792114257812 42132887.957881115377 131880264101.594161987305
38496918045.879226684570 6816823.770226847380 327309909311.002563476562
722447470954.809936523438 42203021.056562148035 626338283123.744628906250
372359253661.801147460938 45456838.914103060961 45880730939.702880859375
259105824524.628234863281 19039732.206421308219 387562194849.064392089844
370188921830.688598632812 44385916.170355357230 10231362757.739599227905
110269063644.979583740234 24179765.432210396975 20234485538.112785339355
653320583640.600097656250 55169301.477920159698 256223694606.139221191406
271749397632.749664306641 1688544.755409629084 73731350176.139938354492
666343561091.300415039062 37332577.681328028440 496657941864.099121093750
771105303488.536376953125 12900044.254901185632 335719498733.868103027344
66666472115.411170959473 58263027.600371949375 29364466199.439426422119
815496829950.974243164062 22088924.653087355196 926955324008.906494140625
744925300951.664794921875 42245158.548704102635 27038517335.244895935059
741111583429.667602539062 5418446.691992718726 682360999699.205444335938
296618895905.290039062500 28070125.866562560201 119815483202.887832641602
66402183339.536529541016 11353900.628460600972 584778842206.722167968750
22706356788.473793029785 14382648.104045517743 93960247928.950881958008
123989215542.808563232422 5430652.254768480547 377712233159.850585937500
494181206582.773742675781 40948809.468435466290 42496551388.604881286621
837943732966.587524414062 50566895.570432156324 982058032718.281738281250
377764223751.823364257812 99867833.698710232973 22216970903.245056152344
442892769586.583496093750 85057415.604728773236 703738168603.371337890625
881441102560.498657226562 32808278.796556327492 142123103027.168029785156
562906040748.716064453125 63293704.592558771372 439708024852.796630859375
324290044546.089965820312 1266406.950742350193 470513352976.978027343750
332803791234.420104980469 39105356.373236104846 20055074462.083599090576
213486771330.486389160156 87281955.159203067422 102351768240.787643432617
40974578637.742660522461 64299351.788636267185 230689195651.924804687500
39639038826.184700012207 38705807.259192742407 327385464235.462036132812
270610734642.708129882812 80480688.139498710632 216418544671.460357666016
195558136593.276214599609 6844668.779006603174 900951488405.406738281250
687907757226.594238281250 8821175.558752031997 754024536052.522949218750
591255070380.178833007812 13756038.905412632972 461837268672.382263183594
326699242663.818847656250 1265275.554124302231 685558726360.928710937500
120924607059.528350830078 5270159.104992944747 325659160826.153808593750
141516951642.637329101562 9571972.050933744758 33306840207.614688873291
575199105013.354736328125 20984416.132095001638 467703440766.717895507812
833452017762.580444335938 63185503.565825149417 779095152572.541503906250
51319726869.184921264648 27314633.767618540674 674376791402.434570312500
105582220682.404037475586 23086091.604577418417 518197410356.771423339844
414308586912.197265625000 44308375.860243692994 831047669641.785644531250
522087993959.938598632812 14623677.177045222372 92359474981.838287353516
343582899651.983642578125 78527907.947990909219 11653845243.162528991699
697689711488.594238281250 73487067.879862010479 578930096055.193725585938
843355065005.384521484375 43607097.519703023136 29075475377.794330596924
295900290741.283630371094 99482429.237444669008 287556756676.403320312500
453721721948.738708496094 45187258.810736671090 990969336801.927124023438
311672063145.648742675781 95068799.189348369837 844600377770.987792968750
245023963471.096191406250 79084322.794489428401 885379100159.789428710938
309368887749.009643554688 78351122.983591958880 592139908803.388061523438
51890877293.758865356445 40948436.656221903861 21282679771.364025115967
78490533321.024398803711 7873774.953733056784 77682605311.408035278320
469413004748.230651855469 10325497.529426688328 886416510625.290405273438
943087055799.369628906250 17518048.289829697460 179086959358.435607910156
282445097287.809631347656 8171294.838833383285 40373024036.716819763184
102660140047.376525878906 20773928.163649398834 23051756463.146400451660
398765493793.804138183594 2508919.682811580598 727709956051.680664062500
897999387379.863525390625 69170113.851528987288 555879126660.774291992188
134389530230.834182739258 98634730.784223765135 20331015211.223163604736
628035635659.156005859375 3735803.125757856295 661531824704.368530273438
26645853598.522926330566 1402183.845085633453 242556543530.088806152344
33861381109.802886962891 87487714.008286103606 48592826314.093643188477
605166322328.199462890625 4012008.559340012260 415141815359.109985351562
842275774512.058959960938 49534558.543949469924 315393793978.065063476562
616179365654.890380859375 27223939.560698505491 285895808626.369567871094
365788098564.689147949219 3528443.701159343589 277466661301.587768554688
422921138493.072326660156 83446977.894459426403 67929709249.891227722168
702140978382.683837890625 3329552.898789062165 431307369806.881958007812
940843154978.607177734375 14006818.453232662752 590196543415.705078125000
62083468815.147033691406 94378392.904445990920 596008816970.341308593750
166082230771.143096923828 77229173.366970300674 23345809943.329444885254
196703028971.671112060547 76167459.442896634340 724379089505.227539062500
679241141287.478759765625 12979918.671547777951 609841356667.560058593750
473700879178.194702148438 50830780.505169726908 763340469985.829345703125
233824581166.325012207031 36176694.281142249703 265134965042.256408691406
892020917496.588012695312 6602427.942751379684 673336396784.100708007812
30839722409.481243133545 11093572.348874190822 444429927674.096801757812
420419930093.712707519531 6006984.288206701167 11961640282.672655105591
205149744630.206481933594 57758379.539365693927 890231375487.898803710938
29843194768.348896026611 16379607.025512197986 934710345668.772949218750
387641607013.081542968750 58807256.023946769536 15778077598.629123687744
69481183190.522903442383 23145682.608235917985 389934174453.938964843750
682401797338.061035156250 2424518.181631873827 87770721733.815124511719
55002717195.549560546875 63436173.697552405298 183191096308.724090576172
330634256414.786376953125 1859855.220702708466 35095755171.409324645996
12836929655.030626296997 1192488.788528822595 308204308847.418212890625
342955072323.042907714844 5416907.735755517147 289077836869.606384277344
700942674897.115234375000 80774608.732427805662 109361265752.026184082031
585602733782.453979492188 64523187.771803975105 607088979470.404174804688
113933434546.753448486328 77497308.278605803847 909288991729.798706054688
332368958332.989135742188 1641630.160124545684 45719234872.201492309570
626996522600.454345703125 20225820.442226253450 555359261781.835693359375
426648985136.712890625000 41714202.191254764795 130797967173.120254516602
252744494185.422027587891 92743633.610827133060 240578137745.448394775391
956690230239.274047851562 15897797.173009473830 82665309373.220031738281
137481198833.223175048828 1273565.064347560052 215506183881.262084960938
644927672799.732177734375 76571582.769361004233 14878299485.923223495483
684972216390.813354492188 44786682.268904678524 238696994318.917724609375
478045848005.508361816406 19096930.415212113410 413177317989.999633789062
75780191636.408477783203 96379495.330520913005 853452000576.466308593750
23253904609.136100769043 40612474.688868068159 321829931049.319152832031
443581273728.012756347656 37200697.105528257787 867294124140.802978515625
246894349443.006713867188 42109424.626506246626 984691690846.138305664062
428789070004.655456542969 20884127.220148704946 61762707322.681602478027
377876436843.902526855469 12694207.669574785978 58345285578.145339965820
803523191062.491577148438 78468899.558249279857 736563272943.696044921875
555204891844.042724609375 1013808.965546256048 251776726589.563568115234
409404233317.067504882812 22554328.080081678927 65953666865.091598510742
32324167943.149818420410 9454778.163961289451 540835442849.522521972656
731987877567.535766601562 2791623.265469522215 441095357986.610351562500
32782397330.691795349121 49295009.843061059713 490083975597.600402832031
28861491176.663402557373 87832935.094775274396 118900317929.116531372070
27608487278.004360198975 9780108.803903901950 103798647575.100616455078
239845671145.929748535156 9324012.971369102597 559268837059.298461914062
190181179523.819610595703 54747873.255449138582 304639174360.273315429688
142826481749.688079833984 62273222.216794863343 219738685479.710754394531
310845387732.009948730469 8279563.869058997370 685821504213.854614257812
780244504143.620971679688 59870390.466448731720 107282431947.600875854492
571090068184.740112304688 15596886.843938147649 533332807022.882751464844
98390755947.768051147461 94966927.623329669237 430543544057.748962402344
609350137667.880493164062 23598614.614910684526 10914937448.278081893921
360730724028.042419433594 69134447.117247045040 500742075138.103942871094
13768486917.926414489746 27171176.867084406316 292495736826.562500000000
469852425740.983764648438 2480393.417405190878 372587620406.595336914062
696184188808.581787109375 2070656.763538182247 175134554706.529632568359
35408288359.493606567383 27581544.618637174368 289876051369.918212890625
377124050747.607299804688 78022308.214743122458 160946210808.240417480469
593748658668.774414062500 50696732.111620612442 868924465498.992553710938
271242371756.091644287109 2137824.224627801217 447673809873.670288085938
208152030448.870605468750 4251029.136645760387 330334240453.352111816406
17205163324.750114440918 51028734.319256000221 246501811694.502166748047
179962570220.202026367188 96290139.494475349784 111567463174.465576171875
945994743428.457397460938 1365937.409655562602 641485555461.508422851562
294679687591.229309082031 44451959.339859671891 13141127283.179534912109
14507923298.243280410767 48864497.787554278970 77912888664.212814331055
16495969210.123224258423 9861059.211986523122 152225047991.281219482422
650493137919.276245117188 70127494.284593269229 38568493600.499633789062
189572588755.630310058594 80540771.110379055142 182801979970.324340820312
226979157924.350219726562 65051536.450553692877 881781840737.500732421875
355155826812.533264160156 81315032.478930428624 636384633881.942382812500
48778146618.493507385254 3637313.772437003907 765316716039.392333984375
809878205778.687622070312 13628870.319065399468 495208055435.982910156250
69203503589.785736083984 20598229.235910385847 900718605817.165527343750
129415818923.786407470703 80470579.638703405857 12275443832.338403701782
412683954044.042053222656 28315464.341671846807 235844556484.336822509766
556403358208.400878906250 17206050.507671877742 345238725826.355285644531
608917878839.601440429688 1945862.206904722378 261907635256.189147949219
761993743381.600952148438 61038149.255441397429 425646428282.905578613281
31112629883.451072692871 4811842.615948388353 100674885289.577484130859
68379281484.216972351074 41325835.704962067306 882024691233.596435546875
121074759325.260208129883 17173209.745347268879 459591537654.012512207031
404971262048.178527832031 34935999.752624891698 999561690039.434082031250
629332437478.828979492188 30731567.039747521281 243609405173.761199951172
23803798276.761615753174 32485780.882981412113 577436845603.163696289062
502547508417.657592773438 49892364.751482568681 187576639047.011352539062
919228564933.302856445312 20968235.112683102489 377011883119.288391113281
462486310987.298522949219 64525471.469481535256 504107223565.877624511719
646934581052.974121093750 26698670.979505952448 858607880458.231201171875
208498968708.298156738281 46202306.172926507890 993714222915.552612304688
496516999710.861328125000 1856807.527932562400 183171691782.755615234375
549918503878.269653320312 8144612.218802888878 424991682163.927368164062
208207330023.087371826172 9723961.220833288506 705573886321.615966796875
888941570855.520385742188 30887224.984891965985 742528520337.294921875000
726767015409.866577148438 21445007.526030212641 518212780906.500610351562
733494571139.736572265625 57087800.984157241881 822724908581.004028320312
613183359828.424072265625 1194487.787939062575 26823634869.159072875977
649636943020.342163085938 8971800.344135176390 566393550441.818237304688
639428863477.561523437500 45273652.899186015129 75778680345.642730712891
764878234931.287841796875 3112868.111956840381 245048636820.015625000000
87190396512.040008544922 13304780.036155240610 392340801266.672729492188
32943087809.326858520508 84316907.393751859665 66483351455.133651733398
169759161938.560028076172 14784970.500616701320 370414453062.650878906250
854011516119.679321289062 65885042.239027217031 120694621790.029220581055
35346856905.729606628418 89925384.065048187971 709229608512.444091796875
47298685652.412094116211 7780005.990247762762 153497789929.443603515625
45378082774.542404174805 3008424.547498723958 38682692371.663917541504
401454302532.974670410156 17479140.231110066175 418225374229.820007324219
573250992966.894042968750 41726167.575203433633 841780551021.140014648438
595514116036.663330078125 66354300.547978311777 24585033282.007102966309
65646678113.269920349121 6611497.191750911996 56791647520.840316772461
