15
91 255
438 560 512 923 417 840 27 963 631 185 433 518 616 3 626 189 746 790 980 92 568 507 424 670 926 334 720 654 311 10 260 748 922 772 22 690 963 401 653 594 937 437 463 552 791 88 92 536 877 423 979 797 930 402 818 855 88 538 860 398 899 120 498 820 891 871 510 853 271 514 798 560 302 260 111 92 699 555 979 928 977 957 76 906 710 893 113 797 782 324 547
7 10
3 7 15 25 3 4 21
34 357
894 820 518 634 724 603 171 550 610 926 783 519 889 110 980 278 621 834 62 585 498 591 870 205 118 527 914 554 543 247 910 788 418 779
22 357
894 820 518 634 724 603 171 550 610 926 783 519 889 110 980 278 621 834 62 585 498 591
136 207
129 240 741 558 464 931 388 729 531 557 901 91 624 696 657 737 78 607 320 791 316 635 975 535 31 367 898 835 824 386 393 304 977 486 213 440 768 600 169 298 508 421 741 132 116 397 868 545 4 187 687 319 173 661 206 555 27 103 742 202 840 134 506 816 619 718 256 386 670 776 36 177 196 776 308 311 172 527 207 527 66 893 846 590 553 403 497 931 505 238 485 345 371 990 160 342 59 767 79 728 894 466 257 89 241 916 751 765 443 957 643 860 201 488 449 753 890 945 36 747 182 520 443 905 861 954 598 919 721 676 999 966 494 607 407 734
13 20
67 65 15 43 49 4 72 8 92 56 100 43 42
5 10
1 6 11 11 11
6 1
1 1 1 2 1 1
11 3
1 2 3 4 4 3 3 4 1 2 3
8 3
1 2 3 4 4 3 3 4
100 20
67 65 15 43 49 4 72 8 92 56 100 43 42 92 97 70 36 10 86 90 97 47 78 16 28 66 63 60 25 95 75 39 6 96 11 39 54 78 90 74 89 5 24 92 49 73 8 69 87 17 70 83 61 24 11 18 86 21 21 36 1 31 21 41 90 87 59 44 11 82 84 29 85 26 20 14 43 45 22 53 95 7 91 49 63 62 9 15 32 68 80 22 89 39 9 24 46 72 28 37
300 10
909 283 746 207 216 124 865 95 376 254 74 653 933 804 928 89 91 607 634 364 78 386 541 689 557 381 103 586 583 818 595 665 535 111 434 709 801 479 943 128 991 873 697 756 993 619 299 130 843 13 788 136 357 229 126 118 22 381 157 201 660 569 929 440 570 982 574 392 269 105 54 164 529 722 635 588 273 906 104 613 242 73 142 193 748 303 657 334 698 630 826 95 158 195 489 339 769 88 35 590 459 747 255 472 853 636 857 417 331 177 386 399 501 636 987 288 84 384 504 642 272 590 512 575 259 948 758 522 511 357 558 844 526 235 559 42 109 407 215 123 290 358 272 669 236 750 470 607 98 372 527 552 759 416 652 254 751 316 771 355 204 370 75 490 658 849 199 186 450 887 141 515 702 536 601 226 451 795 758 538 510 814 497 183 287 79 811 74 287 553 478 877 314 512 147 147 986 137 106 31 738 173 458 994 648 16 100 653 268 77 869 331 322 143 928 319 448 35 676 646 335 792 963 390 686 283 231 618 538 497 64 363 60 664 547 655 732 739 670 337 2 526 911 327 924 20 525 208 415 277 881 18 965 254 172 273 867 77 560 594 109 449 955 322 173 619 513 666 501 54 573 536 395 382 415 716 791 611 125 473 899 193 802 112 486 422 954 109 674 129 991 436 873 45 812 855 522 194 701 266 
300 100
442 820 532 590 308 360 747 683 81 682 493 780 314 200 360 415 844 713 920 273 919 919 256 579 691 249 686 507 308 258 768 636 27 158 554 575 941 44 902 607 536 502 492 516 411 17 707 140 916 785 734 194 481 489 230 324 32 18 805 92 263 848 696 116 402 200 633 249 558 968 193 739 420 472 957 603 714 544 221 725 983 886 838 177 655 17 488 963 205 967 294 393 919 33 151 114 943 221 670 634 325 648 152 679 827 66 226 638 100 37 174 779 400 1000 911 809 590 234 650 264 562 61 203 708 169 427 741 117 229 150 708 849 482 78 506 463 288 325 75 409 489 472 882 271 455 102 614 631 860 781 519 71 462 16 70 537 278 892 822 606 83 673 209 64 532 284 964 943 471 372 602 518 912 213 175 685 572 246 46 114 472 642 902 254 382 776 205 253 28 741 845 690 122 425 646 781 401 450 810 996 370 317 329 957 9 573 35 509 730 563 11 309 203 857 145 885 516 210 365 35 780 48 610 496 780 503 835 631 806 63 424 159 564 85 185 999 378 712 627 772 250 416 404 866 869 929 661 202 695 987 333 76 236 759 113 949 462 954 608 119 578 185 111 482 269 418 221 127 83 256 672 501 275 380 218 772 499 258 1000 670 602 808 650 432 345 63 707 897 395 117 282 141 488 667 621 927 779 34 897 348
5 4
6 5 1 2 5
5 255
113 797 782 324 547

