100
96 418
124 971 977 133 574 19 819 50 635 433 164 605 512 895 981 940 596 226 663 628 334 762 970 487 343 300 147 412 799 742 829 922 64 806 407 637 824 225 38 810 10 202 766 521 96 747 812 43 324 826 671 657 588 640 144 930 291 290 693 441 384 521 362 447 678 120 84 853 697 121 662 706 674 780 578 770 526 389 164 201 214 834 857 153 825 352 434 467 642 126 907 25 999 621 823 676
140 906
529 788 379 542 845 52 321 422 173 198 162 337 398 728 522 607 232 347 958 666 165 951 143 72 327 141 692 150 817 783 407 697 923 785 238 767 189 911 541 361 460 54 697 210 781 219 816 365 917 773 30 433 724 172 504 402 313 547 551 481 682 958 529 956 94 766 722 282 28 614 643 488 668 691 697 800 261 864 164 177 636 545 962 711 69 465 113 733 364 15 213 397 324 741 352 418 858 425 699 238 39 341 77 58 384 125 209 644 988 725 173 975 269 134 38 337 950 502 69 313 516 633 709 840 725 60 609 935 485 307 524 875 1000 600 932 383 724 492 378 63
116 550
37 837 683 426 525 633 927 594 297 795 578 358 986 655 769 594 941 605 252 464 479 603 415 762 985 490 254 363 552 821 264 940 657 947 366 182 931 292 127 227 438 56 584 423 62 353 16 2 957 620 465 788 222 231 901 559 720 506 273 271 327 536 211 335 834 928 516 764 571 994 343 9 402 278 431 463 982 799 465 291 770 281 78 991 512 978 549 231 836 821 854 162 709 416 496 542 343 364 306 913 709 1000 273 110 277 56 573 259 854 37 901 975 669 978 965 180
7 514
411 142 686 264 655 394 31
203 936
373 218 593 637 926 592 910 36 220 965 960 830 170 348 730 144 16 59 108 196 718 973 958 211 11 573 218 404 603 720 691 975 937 635 611 214 578 872 601 798 836 560 979 5 907 709 500 923 119 608 118 836 932 427 399 942 999 616 346 601 687 388 927 623 23 889 188 600 761 789 749 948 348 728 953 607 788 452 529 906 411 998 94 343 776 844 636 774 459 333 726 497 721 4 119 95 892 658 694 4 446 443 952 146 522 256 752 309 707 632 566 470 981 659 164 756 854 799 529 664 132 606 160 204 609 278 298 852 288 991 208 733 785 159 878 306 414 981 614 472 612 180 293 944 190 456 699 44 607 579 59 738 184 219 293 144 848 590 348 135 932 555 868 717 65 97 374 830 430 988 301 393 519 946 337 60 753 35 455 359 614 514 448 149 732 740 645 579 681 992 714 613 898 933 681 962 381 54 791 162 393 443 555
63 388
891 323 141 277 129 499 890 642 299 391 725 38 35 656 719 26 721 683 923 653 363 236 385 416 26 547 809 820 453 423 208 343 745 700 971 874 550 213 867 848 603 944 238 989 599 308 14 319 990 288 323 352 523 707 119 900 605 279 719 57 702 278 751
246 977
722 671 527 286 890 726 888 833 963 876 431 270 241 749 611 880 423 962 754 129 81 653 86 711 723 494 412 1 245 210 329 318 232 207 603 121 933 842 953 247 69 735 869 309 835 479 188 257 441 293 738 873 945 823 583 19 316 347 19 912 556 348 581 787 554 183 908 838 376 212 85 444 299 953 104 133 431 643 742 223 935 479 447 231 653 382 250 320 728 268 584 283 615 164 421 521 699 680 358 74 892 442 870 542 746 973 26 529 616 767 751 550 597 198 781 601 931 30 921 658 649 856 940 616 19 360 136 717 40 493 143 283 287 12 176 384 984 201 912 951 968 663 501 916 212 633 517 142 662 789 151 310 644 90 925 662 801 412 731 192 257 225 826 543 236 1 278 571 202 190 522 521 204 22 436 415 6 952 908 667 740 58 328 735 499 605 397 651 368 479 195 624 703 372 518 290 373 796 860 926 985 381 798 188 754 233 954 759 537 213 777 628 270 457 363 120 61 111 122 780 589 668 404 643 40 921 932 764 68 791 689 52 524 486 591 629 70 544 388 606 756 516 586 377 972 300
248 384
410 970 164 350 989 919 992 28 839 923 791 907 65 479 310 588 316 901 217 386 796 956 343 552 823 280 280 147 579 128 530 988 449 45 337 437 963 680 465 154 602 607 412 667 438 73 606 753 973 174 490 769 129 185 672 304 464 303 450 395 430 331 382 230 376 71 19 690 750 835 195 704 441 606 722 878 679 327 983 3 501 824 123 981 8 146 284 824 449 733 218 230 416 951 460 791 373 478 832 475 312 27 178 752 984 899 982 662 577 964 17 77 139 491 410 147 637 693 322 85 778 891 314 193 841 125 335 566 602 166 40 913 544 217 17 528 467 350 541 43 665 557 472 803 48 881 301 36 925 622 120 702 512 785 246 705 910 580 270 863 98 309 776 641 877 144 168 343 493 709 737 509 617 208 311 16 88 612 51 13 233 522 66 97 307 312 801 568 243 70 430 340 730 557 333 606 52 500 300 896 560 36 404 529 596 715 544 683 326 947 47 910 468 465 6 126 128 158 693 370 227 475 62 308 31 394 265 83 245 564 330 157 600 734 685 195 448 580 229 773 526 628 682 346 444 40 471 571
297 516
292 776 342 705 83 372 450 348 806 695 263 136 851 214 221 887 760 668 466 341 792 344 320 825 689 763 864 511 685 61 378 976 188 719 33 270 443 482 969 600 176 584 87 378 797 307 616 557 326 434 897 117 777 216 942 817 330 805 679 14 217 409 341 404 127 373 26 921 855 346 873 382 929 959 112 726 618 727 634 943 512 882 60 288 449 353 456 778 157 487 143 726 895 483 481 21 856 506 294 62 204 166 795 132 476 906 209 445 985 194 388 496 75 799 136 875 151 591 652 659 77 794 384 971 277 865 344 484 722 989 897 277 506 691 409 333 597 969 778 581 515 517 428 589 315 563 464 465 154 467 475 582 613 859 905 241 75 600 724 148 940 620 425 445 662 185 777 258 505 554 190 19 70 618 960 736 180 775 552 685 241 27 619 853 237 875 445 311 474 168 810 765 139 234 209 801 770 337 410 275 243 952 645 664 569 604 400 100 378 951 137 971 329 755 175 565 981 620 227 454 139 37 218 630 622 778 782 744 114 191 370 356 494 14 20 62 970 771 514 699 721 650 669 50 756 196 966 736 167 193 541 305 229 110 934 202 239 67 945 352 258 314 60 751 680 431 165 649 201 30 347 273 31 368 674 786 563 640 873 729 832 765 385 412 226 671 613 464 737 558 167 346 223 578 97 902 8
13 550
208 994 249 481 24 616 154 161 178 145 33 258 976
249 994
387 374 664 352 189 401 261 707 746 483 285 194 385 292 158 286 852 151 534 684 174 149 189 334 678 334 718 287 309 218 281 48 943 296 399 131 696 659 838 794 493 474 987 229 117 497 515 968 647 400 651 173 901 192 858 930 525 576 217 185 793 849 232 88 144 982 218 192 992 407 985 485 232 323 65 349 819 579 316 818 331 319 990 231 510 847 512 386 774 728 570 919 928 154 6 72 487 223 615 479 982 599 315 213 921 379 913 92 310 229 909 640 899 250 222 760 96 733 145 870 813 714 140 740 219 145 163 706 719 777 536 700 727 850 265 1000 580 177 91 889 757 351 880 655 600 101 414 47 186 910 268 998 976 407 89 194 551 604 251 270 732 786 321 459 987 937 458 567 114 900 807 222 602 687 229 201 139 642 247 324 552 867 321 879 273 762 72 824 365 675 445 96 812 765 554 151 702 363 69 167 614 875 388 215 561 616 767 52 610 366 375 513 232 696 391 504 457 814 679 173 488 123 268 300 888 174 802 941 536 870 107 502 744 494 716 657 462 483 708 71 200 82 583 431 129 325 934 937 138
13 109
626 735 377 277 974 902 78 914 437 947 20 290 42
266 358
50 327 192 757 397 391 191 331 821 319 655 754 608 144 718 68 769 805 796 397 778 697 826 44 134 124 63 775 166 280 132 215 606 323 324 354 713 514 36 533 184 42 639 143 186 356 211 306 160 6 703 290 703 880 333 188 4 747 962 521 27 94 735 984 416 410 338 481 275 725 13 459 767 651 953 952 359 163 257 518 169 311 159 223 191 491 410 546 238 723 66 264 816 152 247 584 562 936 64 836 661 428 646 779 431 599 730 789 761 338 658 281 1 817 855 191 307 264 88 896 339 153 511 154 304 110 89 865 45 504 53 57 284 698 835 714 296 916 502 409 606 511 41 606 327 896 148 986 511 235 233 849 387 744 355 42 853 443 907 897 299 959 306 582 8 492 647 304 408 500 64 13 10 104 970 689 999 469 674 510 703 906 358 441 1 712 482 853 507 740 102 157 50 407 90 58 898 88 713 657 587 776 21 596 231 342 636 582 810 661 443 512 567 152 304 919 216 138 772 74 229 873 230 279 631 671 688 880 758 752 889 344 879 909 291 109 603 927 42 412 587 484 276 505 636 579 424 851 68 547 924 297 771 505 575 753 175 614 632 932 365 872 627 243 781 269
103 383
195 745 146 134 580 421 990 215 1000 765 417 67 311 340 715 81 844 641 833 370 254 817 653 970 688 279 564 820 900 267 554 446 363 700 579 942 120 921 509 471 685 925 890 348 265 604 780 460 597 965 182 850 781 834 820 820 465 735 992 364 1 545 809 715 596 740 657 68 660 517 890 696 441 779 43 705 735 823 517 683 139 698 532 271 883 703 90 699 438 81 62 790 978 223 857 925 962 865 992 973 381 882 668
21 12
63 878 98 237 394 780 375 443 664 645 677 366 86 376 155 167 789 297 496 11 153
220 324
17 412 648 397 645 668 217 656 82 94 106 318 839 885 692 633 548 688 662 266 773 37 420 291 177 716 786 540 220 558 215 236 321 863 632 965 882 201 972 963 646 77 280 837 962 323 821 861 10 482 126 134 518 898 425 47 965 562 586 185 471 800 420 791 14 404 107 895 956 79 857 601 507 488 789 820 810 610 681 171 91 158 305 961 55 81 7 20 994 944 204 465 743 975 255 757 730 714 651 685 792 860 638 650 347 426 470 157 35 502 679 478 659 983 790 66 415 796 437 409 91 992 873 833 966 479 941 696 192 592 732 335 451 369 985 149 795 806 305 181 659 984 658 669 318 447 734 733 594 522 493 36 513 365 869 831 195 809 878 387 752 609 73 554 978 409 703 124 214 359 304 872 694 314 541 364 112 626 96 58 148 940 93 12 656 961 842 850 122 719 588 225 328 661 131 657 69 185 780 283 895 83 506 589 396 398 952 860 376 399 917 523 338 9 534 993 322 728 194 795
46 782
19 125 442 501 781 862 37 560 496 932 995 2 520 742 751 823 601 126 573 517 1000 262 878 886 606 199 613 799 993 58 580 363 183 373 864 315 235 900 227 730 831 221 83 702 314 834
176 267
311 448 783 311 709 660 196 314 210 808 465 202 217 396 565 751 121 780 66 355 31 644 436 862 864 871 915 529 56 143 795 366 590 930 28 651 941 575 316 151 382 780 704 951 528 268 701 648 399 118 354 430 761 789 643 976 11 909 505 66 51 651 784 993 580 811 643 521 386 310 23 119 90 726 69 969 346 122 616 744 239 969 173 1000 109 815 327 120 76 183 185 126 834 320 118 765 131 760 637 868 422 659 338 511 385 407 831 82 880 446 825 118 414 350 469 522 516 796 993 591 330 530 717 163 849 834 928 331 946 916 198 367 575 536 229 311 294 59 392 173 856 216 642 269 917 111 142 433 258 135 23 939 16 739 102 864 925 381 195 222 296 744 588 222 631 168 884 276 226 275 800 81 843 442 701 759
104 194
191 513 680 566 451 695 304 904 911 580 284 457 801 932 552 388 505 183 907 389 810 484 15 610 916 857 51 616 968 306 162 510 818 841 75 268 888 731 172 798 310 807 254 111 90 805 850 595 339 757 335 149 592 349 110 508 558 160 475 525 817 636 386 634 829 461 901 716 191 424 513 852 583 766 962 672 922 164 618 261 272 304 761 863 653 870 370 562 381 845 438 197 832 823 830 660 635 82 375 177 858 887 29 440
204 342
463 278 505 433 890 128 736 650 991 740 871 712 301 251 908 90 799 740 913 628 399 899 61 126 76 270 364 104 709 720 797 172 997 302 604 886 429 691 535 771 431 757 483 83 7 390 173 805 481 437 784 232 335 196 357 762 466 72 865 526 791 14 49 787 315 4 24 95 695 910 218 125 666 700 559 24 441 731 828 274 519 963 505 854 511 213 615 328 284 832 853 427 845 902 213 511 905 237 957 951 146 174 427 812 225 986 835 18 68 15 643 587 329 147 440 191 711 406 518 346 589 371 772 785 624 985 647 880 573 956 831 70 129 257 233 706 594 420 75 662 434 717 248 114 215 39 305 925 796 174 622 385 896 394 521 519 730 168 751 302 123 581 371 603 189 604 660 783 23 86 444 808 154 43 273 368 81 929 644 228 103 266 612 350 659 485 221 388 652 971 41 126 903 763 80 91 718 740 225 740 177 20 899 331
62 524
698 494 452 694 722 906 311 685 608 969 521 828 708 172 798 100 649 700 862 729 142 580 820 367 671 996 738 922 326 800 445 376 645 248 69 718 506 379 755 113 699 275 292 758 799 441 857 447 140 70 527 633 649 698 351 320 694 89 593 371 240 37
46 884
636 166 954 493 896 708 957 946 982 248 55 780 688 911 579 179 981 457 812 981 155 514 652 848 602 244 570 841 632 316 77 620 833 382 112 81 89 69 26 422 668 81 202 356 343 132
186 675
588 49 656 742 563 659 941 516 903 511 709 886 178 785 505 10 518 969 90 606 37 468 27 56 900 580 411 242 711 649 917 651 697 924 744 259 582 685 775 836 195 483 722 372 619 578 733 136 546 175 93 934 994 471 990 893 51 752 134 113 400 402 115 449 677 859 707 259 543 833 446 89 667 519 812 637 97 896 124 994 70 568 280 63 39 269 307 89 372 441 553 124 194 668 572 871 526 630 129 68 815 926 508 481 445 319 470 893 214 593 886 636 161 165 50 551 785 357 639 509 797 191 632 342 858 555 212 383 184 692 802 998 618 661 831 62 979 300 306 545 244 191 180 756 708 229 306 844 585 296 704 733 487 687 75 696 241 286 431 777 330 584 774 947 245 956 360 575 255 665 119 851 207 298 958 266 527 264 110 463 911 165 196 749 852 622
245 92
259 227 220 588 810 994 534 406 949 245 981 556 261 99 758 468 749 715 733 627 330 194 89 241 359 636 989 210 257 785 653 868 11 873 455 173 218 341 930 518 585 910 73 846 361 182 665 109 897 397 735 226 943 823 466 301 811 807 862 67 591 866 286 954 90 741 478 307 433 407 177 17 317 601 214 677 783 230 137 679 979 871 256 921 45 74 573 855 880 434 274 822 651 559 775 93 299 252 751 731 659 927 100 327 528 665 355 662 895 491 340 873 361 947 145 405 20 717 260 899 502 885 73 152 443 847 244 94 451 995 176 461 273 627 787 152 292 493 813 538 983 152 762 695 99 906 99 470 974 710 369 475 946 441 978 389 639 574 834 441 920 9 901 192 636 39 344 279 531 156 816 865 660 929 559 110 186 10 579 159 71 299 633 17 91 962 757 730 535 590 522 806 598 423 350 233 813 45 863 344 552 678 560 211 958 119 672 143 128 251 301 550 901 285 566 992 247 322 73 133 911 594 291 861 368 640 445 181 684 308 876 235 985 435 798 943 905 469 437 384 71 738 934 972 22
99 315
620 173 387 105 435 332 395 295 700 386 740 880 421 47 107 7 383 541 804 677 446 625 114 829 47 203 762 370 576 613 684 196 137 422 652 571 754 398 218 805 783 957 684 203 355 790 209 89 682 365 766 127 341 231 308 387 433 421 109 360 33 144 555 521 566 558 444 671 955 661 475 89 969 510 643 675 651 204 763 332 568 880 811 260 110 470 998 894 890 106 254 275 250 160 795 167 70 238 189
24 250
15 465 218 524 107 892 526 310 655 209 229 886 371 488 996 840 486 241 730 591 494 356 192 6
2 710
75 92
98 450
341 264 914 559 139 21 802 664 682 808 225 911 694 595 398 41 435 235 281 516 178 127 223 721 484 724 431 558 815 680 359 508 296 273 418 434 645 219 98 326 27 322 588 72 268 338 112 54 572 744 921 101 222 143 822 705 219 604 614 385 635 973 892 930 597 309 364 241 528 813 918 906 486 858 329 753 195 792 159 118 535 79 571 109 574 392 813 792 347 779 176 981 103 68 911 699 728 626
91 255
438 560 512 923 417 840 27 963 631 185 433 518 616 3 626 189 746 790 980 92 568 507 424 670 926 334 720 654 311 10 260 748 922 772 22 690 963 401 653 594 937 437 463 552 791 88 92 536 877 423 979 797 930 402 818 855 88 538 860 398 899 120 498 820 891 871 510 853 271 514 798 560 302 260 111 92 699 555 979 928 977 957 76 906 710 893 113 797 782 324 547
233 443
44 852 685 266 713 890 537 578 39 448 879 651 910 322 349 464 300 276 441 608 351 698 318 596 162 114 377 486 12 409 280 55 613 317 321 677 206 209 607 244 656 837 246 917 159 595 381 810 222 821 418 925 870 735 520 32 848 248 869 212 9 500 266 621 816 938 649 21 498 255 617 505 92 862 422 602 808 802 411 30 974 828 954 195 562 825 578 762 72 446 973 80 298 590 52 113 880 53 134 377 307 102 234 750 315 655 703 123 808 114 152 133 293 457 679 207 281 257 320 352 54 644 784 351 233 187 464 464 239 949 193 898 402 426 999 716 432 702 838 591 167 341 75 811 149 753 17 429 361 336 133 415 331 268 117 564 454 932 379 45 880 571 942 633 996 940 349 779 993 538 369 511 231 443 322 379 548 338 160 908 26 644 674 356 263 143 271 716 74 650 760 306 572 53 938 920 345 638 698 337 176 419 848 758 861 521 488 760 858 647 20 235 642 693 943 904 835 213 972 909 214 83 566 786 136 503 705 832 141 402 168 668 172
167 777
385 239 264 144 449 263 163 683 904 208 625 808 42 190 131 302 755 213 219 540 348 722 596 531 214 350 699 233 521 417 9 905 656 272 49 456 534 563 138 790 770 115 949 164 656 79 817 410 291 36 950 991 109 897 521 322 246 571 906 767 340 914 23 347 537 423 802 71 986 291 212 107 405 160 270 60 238 87 470 880 122 771 222 230 19 95 903 265 17 808 383 356 73 405 702 609 828 855 31 165 146 242 271 902 401 541 962 990 979 783 222 452 905 443 33 923 889 935 539 906 94 921 261 166 678 315 774 857 521 157 21 666 398 291 568 151 183 881 492 161 15 713 612 271 508 644 193 396 930 84 301 23 356 914 540 33 580 666 241 100 822 261 118 571 904 685 721
286 917
213 599 931 277 562 201 784 558 745 532 487 828 184 862 184 97 753 568 28 418 809 128 591 421 245 162 324 281 234 762 197 446 712 479 75 625 679 858 182 775 389 21 603 925 882 138 21 986 705 401 756 865 880 346 638 476 859 313 756 93 426 304 890 137 782 964 762 812 174 295 586 914 315 540 838 548 677 211 534 734 611 289 598 490 986 587 965 845 900 72 289 325 375 178 462 508 494 575 319 667 869 256 580 536 796 418 83 472 628 616 205 238 256 155 79 242 741 43 438 992 114 726 317 840 255 130 347 748 56 17 414 924 272 346 459 67 763 894 891 742 861 95 331 117 601 409 710 694 803 499 685 268 224 353 459 830 482 805 578 537 173 343 813 444 688 623 863 802 516 753 895 377 199 225 845 800 985 906 845 139 404 881 406 979 234 216 808 715 20 385 604 192 728 416 988 767 38 850 569 906 602 815 282 800 40 478 951 376 383 147 515 138 28 272 116 261 488 923 327 859 660 282 51 739 697 390 857 87 239 777 344 192 592 625 343 631 454 294 6 188 440 872 325 819 144 440 431 983 714 110 841 725 391 243 815 440 632 672 878 222 448 221 413 39 197 756 21 650 401 379 837 192 250 513 11 745 952 793 727 17 902 920 94 293 162 908
132 146
579 961 367 27 181 132 417 377 887 438 378 287 168 214 830 417 78 840 514 29 633 592 397 534 511 490 178 25 398 261 170 328 221 888 354 753 19 123 129 905 560 506 543 727 71 373 495 148 564 360 528 548 952 277 434 814 766 611 190 515 224 711 843 796 599 548 549 969 670 677 226 581 535 768 659 957 492 506 457 408 217 336 955 520 612 388 334 730 351 875 596 574 586 790 721 536 338 269 504 359 946 729 292 832 849 302 140 340 159 596 747 376 932 54 895 895 793 580 624 143 455 220 68 392 9 789 927 698 57 430 409 354
111 52
537 359 353 677 50 864 272 149 239 555 202 133 450 346 65 73 489 519 644 908 910 5 696 188 54 105 969 462 458 479 865 995 189 570 671 591 433 294 739 671 849 292 155 298 637 219 722 477 737 366 385 998 722 432 537 775 536 506 589 994 336 453 340 877 374 362 467 806 655 557 476 855 200 631 152 188 201 874 665 290 591 401 287 312 832 176 438 368 33 26 713 720 831 404 596 204 765 414 10 771 322 837 626 521 819 129 709 20 354 725 309
244 477
947 607 308 122 45 27 506 422 739 226 252 494 821 808 610 587 817 381 908 5 358 429 176 486 489 195 840 565 855 135 41 153 742 700 275 786 727 780 207 465 357 811 311 178 618 920 764 786 300 671 142 9 451 317 495 291 511 686 855 717 820 247 870 913 947 496 50 673 627 609 489 984 419 799 161 388 71 276 173 370 298 666 731 101 983 225 391 845 262 598 562 433 196 783 346 494 278 395 166 904 3 7 887 421 157 399 160 227 26 684 949 676 350 679 776 332 255 518 176 516 467 89 948 15 871 293 508 148 40 26 404 42 32 642 815 188 41 974 767 418 658 715 93 7 745 220 690 999 90 865 514 908 306 813 922 176 106 430 324 145 455 79 538 838 720 352 377 112 678 143 530 335 209 974 693 953 546 734 303 635 950 816 894 255 629 816 431 86 597 106 582 403 184 119 592 903 471 968 15 148 463 896 834 23 221 878 976 766 611 278 752 560 446 998 815 426 813 597 511 761 702 92 163 237 210 106 491 32 73 857 531 535 752 716 910 325 593 237 90 555 866 194 467 311
291 633
88 355 229 598 115 282 41 629 518 603 734 8 634 158 865 517 45 968 232 954 292 177 190 734 731 55 279 549 718 469 181 805 175 761 755 641 42 795 269 911 397 354 271 383 863 487 251 907 454 482 212 98 658 401 831 741 808 109 641 525 929 174 681 103 934 435 743 328 582 363 590 330 68 860 64 930 346 314 837 152 796 48 249 805 801 79 897 608 539 538 484 467 711 164 569 996 951 663 323 532 25 265 213 92 124 277 21 822 590 209 973 737 609 573 542 409 3 438 368 541 327 851 359 37 366 279 33 668 941 707 551 965 971 764 408 447 40 428 620 629 989 944 366 597 516 259 5 518 48 724 410 375 926 768 411 291 46 795 311 986 854 861 302 176 624 709 974 15 488 593 996 476 536 713 424 403 971 780 920 18 503 329 392 428 448 155 71 493 301 381 830 506 593 131 682 569 191 655 583 31 600 578 858 135 290 282 890 612 61 809 630 916 490 373 343 937 527 765 782 180 497 611 685 90 94 366 658 636 373 240 666 972 170 876 458 459 157 347 71 569 508 52 484 349 424 179 637 303 943 418 834 792 381 518 881 826 236 538 813 960 129 831 283 298 706 92 109 862 791 531 782 298 582 618 998 357 796 634 11 90 404 844 233 136 714 113 961 301 2 125 260
31 955
542 780 660 985 888 873 775 770 655 72 703 624 421 412 771 55 422 212 458 618 445 593 683 557 905 983 559 29 242 41 984
135 172
995 119 60 868 894 181 874 317 884 497 738 295 267 144 68 478 601 37 922 545 719 831 801 701 741 829 294 781 164 428 952 159 899 363 378 144 896 251 812 779 99 549 425 365 692 844 194 644 881 468 540 599 298 340 652 390 521 945 170 684 725 473 194 623 188 923 118 83 525 929 213 623 830 637 339 873 832 885 517 712 352 408 663 1 748 314 390 268 258 911 303 334 383 849 956 922 771 425 4 296 354 216 918 183 204 609 55 36 493 923 99 196 331 761 196 78 74 585 697 684 847 999 17 229 847 325 503 970 749 506 265 102 74 534 636
29 142
43 16 986 965 115 181 647 875 376 76 301 312 772 984 158 123 352 739 321 676 241 290 777 98 906 878 523 440 866
252 933
908 167 919 872 281 451 871 508 179 946 808 490 718 143 1000 192 494 90 512 522 330 802 298 779 707 527 302 498 392 453 431 651 971 701 875 252 503 745 111 681 690 270 523 407 764 522 598 609 611 462 130 292 263 779 70 321 306 723 171 49 175 953 700 146 5 574 749 507 318 211 188 359 480 710 118 595 583 67 203 545 528 333 836 142 111 257 815 768 980 985 817 506 937 868 651 941 793 751 447 462 961 986 820 792 47 937 386 629 4 589 173 883 273 360 25 735 969 191 855 300 175 671 805 463 890 808 403 682 910 201 143 871 187 962 14 233 251 752 214 606 692 738 488 964 450 864 50 418 406 904 69 580 926 873 42 815 680 796 496 942 349 990 812 535 952 177 119 554 928 684 159 619 422 998 934 223 214 984 640 619 239 708 551 165 932 944 331 964 740 827 905 88 168 68 974 119 244 444 24 524 128 182 494 901 532 428 123 745 763 114 363 1 173 265 517 456 209 848 419 948 26 323 387 193 742 360 664 338 155 687 861 282 869 354 534 400 133 8 496 895 121 210 896 645 475 412 101 683 611 519 982 636
194 368
829 287 79 492 624 233 178 484 867 398 190 400 149 322 760 644 569 232 206 464 877 680 227 329 362 190 199 343 825 392 62 653 31 140 496 654 372 674 490 590 71 679 342 572 352 101 567 920 332 772 735 560 451 314 888 164 503 87 506 327 830 567 332 860 58 827 514 430 500 3 19 923 33 712 846 384 812 412 656 144 184 390 703 634 55 943 798 557 29 655 236 858 574 567 718 631 393 583 412 245 937 783 519 969 494 364 704 658 127 711 801 310 101 855 296 155 797 445 64 177 451 299 35 24 217 104 7 961 38 770 205 974 552 75 294 398 790 349 55 917 60 207 226 512 413 521 18 562 317 81 738 768 731 124 791 947 579 149 908 616 919 464 941 822 539 586 571 680 935 977 596 994 183 174 857 948 46 874 509 363 955 598 130 37 722 272 984 652 421 243 620 691 706 912
212 596
498 435 276 432 411 223 777 946 396 633 893 442 858 753 804 164 350 933 201 423 556 536 427 976 778 46 666 835 957 530 783 806 964 410 237 726 632 365 671 28 349 915 821 207 667 624 370 369 908 922 143 463 457 569 791 234 966 808 421 923 337 203 728 652 612 317 378 243 33 400 622 734 315 442 292 333 417 13 53 676 935 196 491 391 764 281 977 82 88 749 4 777 951 83 428 914 751 157 508 136 909 130 221 575 923 512 907 692 876 960 367 810 507 857 553 622 489 881 703 577 629 58 705 931 493 132 844 595 641 351 730 901 832 302 475 755 813 733 798 41 692 516 850 550 725 754 172 213 986 874 141 614 932 845 544 424 329 739 370 321 90 100 221 921 753 695 27 918 427 176 958 471 692 807 372 768 913 543 980 898 769 473 864 700 317 759 475 997 498 844 317 939 295 889 859 48 583 238 317 362 413 274 184 456 432 555 223 344 450 555 594 218
127 457
269 695 215 743 692 64 938 360 2 585 249 213 984 183 450 300 896 214 573 79 22 4 986 244 700 435 150 293 4 528 101 272 223 315 366 266 379 655 977 732 239 225 944 222 760 393 873 655 959 445 734 980 801 71 575 852 857 77 144 860 604 244 483 178 910 848 795 640 502 772 372 93 348 315 666 107 60 539 762 18 335 495 349 487 917 275 338 773 351 481 984 955 76 466 132 986 313 927 977 166 50 348 258 397 663 276 504 722 814 265 91 500 111 439 987 27 65 324 151 416 157 134 370 584 951 853 921
215 131
898 780 532 597 390 929 259 665 432 332 830 48 774 681 158 564 667 536 629 343 38 44 851 171 765 786 473 969 707 87 452 956 218 983 552 607 263 163 623 694 846 804 93 620 485 602 183 151 137 811 845 174 206 47 696 970 833 168 291 539 254 742 846 472 724 397 430 339 911 405 32 757 208 477 376 692 78 558 195 215 721 391 740 926 438 788 896 270 955 186 160 561 279 5 384 354 753 165 692 664 569 76 420 129 552 795 172 629 704 718 195 424 109 935 350 898 74 597 519 28 134 678 940 412 34 675 765 138 192 809 801 112 884 572 240 435 718 412 63 422 481 610 197 941 896 898 838 969 846 356 348 979 385 288 742 770 314 859 908 857 667 60 969 550 632 208 336 349 971 750 122 804 359 319 744 254 568 582 222 414 289 570 744 674 209 486 443 874 344 702 731 362 762 699 911 393 258 598 93 229 347 215 32 706 885 775 959 804 708 533 217 997 102 961 22
162 446
816 535 141 518 265 502 279 963 764 23 221 361 115 801 707 681 184 764 917 310 75 721 370 607 937 366 60 249 739 721 46 554 607 186 423 872 39 53 186 154 75 758 866 542 558 925 222 93 688 139 403 762 211 124 720 147 489 779 748 579 851 793 484 458 331 907 681 369 311 866 875 386 624 740 927 533 664 500 626 352 990 380 465 200 503 185 347 343 315 94 273 518 238 756 975 568 14 7 937 325 872 811 62 495 902 988 380 566 839 5 917 829 736 733 28 590 269 726 932 936 819 204 453 409 311 779 976 325 785 264 649 656 426 710 503 328 49 882 893 887 238 161 715 325 245 743 914 514 468 845 449 639 400 253 399 710 31 374 386 167 638 386
122 63
447 676 742 495 909 634 734 498 146 800 822 391 894 735 904 714 931 704 704 682 956 102 392 986 475 129 152 464 515 325 527 961 353 268 808 261 254 893 759 399 692 580 789 938 667 44 651 597 747 706 279 54 807 22 391 281 502 894 97 16 571 623 329 923 242 488 535 847 380 293 246 423 225 386 712 243 782 362 839 880 67 469 934 225 842 676 506 344 570 602 711 140 576 39 414 169 878 948 16 609 241 613 32 817 350 743 59 483 457 249 363 875 70 648 100 263 675 957 958 244 910 669
35 837
59 148 5 937 96 372 545 688 984 928 504 686 23 914 168 479 514 882 705 583 881 804 846 556 760 155 799 669 823 886 505 234 33 862 522
28 233
418 815 569 698 670 254 720 583 773 550 97 7 254 31 887 58 228 442 169 383 593 838 557 478 694 790 510 555
163 990
140 81 156 708 778 826 313 849 760 437 398 208 443 651 239 330 60 466 123 229 200 67 66 757 544 111 898 406 666 561 747 805 993 902 864 122 79 528 970 839 964 367 46 407 369 636 88 429 454 562 657 653 629 74 761 524 184 659 281 201 571 27 357 915 929 572 36 7 99 357 197 63 75 243 821 443 878 260 223 331 821 879 336 801 304 96 325 840 106 605 40 28 984 749 294 912 320 329 270 419 37 467 833 111 61 653 906 938 264 128 621 84 359 308 237 14 755 913 853 213 869 893 240 852 993 886 115 312 214 385 730 603 203 562 713 263 566 970 552 829 98 524 265 808 831 853 821 938 765 674 150 633 918 741 837 910 626 951 221 192 687 303 794
189 864
858 503 782 828 407 610 925 930 226 732 113 78 552 50 842 577 199 827 494 939 663 403 917 965 624 108 652 926 901 892 141 758 747 922 937 153 884 861 82 109 944 546 539 848 595 380 424 145 558 918 436 220 320 352 537 295 459 540 572 711 783 65 820 529 986 757 33 221 969 115 682 913 12 220 112 959 951 535 103 509 804 890 80 476 593 616 770 403 155 694 465 290 758 285 818 95 41 851 668 361 317 349 625 680 568 736 638 870 271 93 378 426 982 458 901 927 425 23 329 932 716 794 221 825 78 38 919 470 240 938 182 908 286 807 588 205 542 225 75 164 317 804 590 651 261 490 577 38 512 905 969 579 50 189 403 479 226 674 300 818 611 482 725 249 288 312 453 829 889 879 345 205 683 934 855 295 423 783 332 287 40 300 217 89 488 972 568 66 997
67 235
959 700 959 207 987 623 12 168 511 890 512 67 924 445 274 571 219 56 902 857 95 554 74 184 41 397 103 458 393 321 692 351 21 3 558 359 625 569 878 487 810 389 553 86 185 826 656 756 882 909 964 976 462 37 511 855 785 613 312 177 286 356 528 306 358 437 16
34 357
894 820 518 634 724 603 171 550 610 926 783 519 889 110 980 278 621 834 62 585 498 591 870 205 118 527 914 554 543 247 910 788 418 779
221 493
382 591 42 991 868 176 509 757 286 841 386 906 26 799 842 875 389 64 79 858 590 344 411 484 942 672 271 359 451 692 204 184 634 245 526 502 421 387 610 706 227 347 963 604 145 156 479 886 219 909 743 161 253 506 644 546 529 915 257 331 958 460 514 943 704 40 444 476 426 405 533 4 751 847 607 248 3 437 133 573 346 875 733 950 380 377 495 261 643 751 591 952 210 105 894 266 496 338 93 921 742 626 276 845 824 882 92 178 671 224 751 16 450 483 317 182 211 163 442 205 266 32 156 827 488 50 444 983 739 537 255 832 514 530 676 337 764 119 515 434 694 617 801 144 451 469 677 662 631 118 218 248 501 374 75 989 423 518 323 513 406 578 344 919 459 372 608 222 490 474 7 536 90 807 31 892 275 707 905 258 176 123 505 676 496 579 16 270 449 339 782 854 268 477 125 726 200 732 948 690 205 954 577 646 113 607 537 739 313 442 996 488 916 501 515 411 431 883 32 879 573
165 85
840 641 561 565 193 292 864 882 848 170 810 845 634 416 733 372 728 174 368 567 89 220 433 851 650 315 882 881 239 398 317 78 391 877 995 583 168 210 816 367 731 625 211 364 40 943 88 767 469 455 685 909 674 117 112 675 784 345 907 374 743 223 452 133 99 798 715 618 359 530 336 90 506 898 805 545 193 892 663 661 346 699 921 371 167 32 398 950 377 304 324 471 527 127 603 977 276 669 947 634 550 282 723 55 532 528 951 724 771 613 736 117 311 656 839 477 40 236 779 416 892 454 238 770 932 840 98 207 860 44 192 409 678 915 815 209 794 765 284 564 729 19 32 391 674 223 867 713 810 997 480 701 802 717 470 85 908 568 291 767 963 835 527 640 101
141 200
894 457 483 809 185 501 193 575 527 415 794 239 224 142 71 277 944 139 746 28 47 665 671 165 628 857 692 619 957 384 171 850 841 5 10 377 506 202 304 384 968 97 974 544 590 44 820 885 183 565 913 581 582 935 745 561 791 788 179 747 172 701 948 364 706 309 92 563 863 395 946 830 843 919 373 433 963 192 317 497 109 581 77 42 867 821 602 9 961 132 107 132 833 406 847 538 715 938 100 577 685 397 758 527 315 131 311 629 674 980 125 134 560 201 175 779 374 776 787 686 260 894 817 92 299 15 981 365 304 432 293 340 828 51 219 494 533 529 123 558 508
247 692
420 800 866 198 525 994 336 210 605 581 378 696 880 744 28 596 399 811 889 739 990 939 957 483 823 485 957 380 345 204 71 116 355 289 665 231 634 1000 792 238 581 521 285 812 264 664 407 662 474 647 400 815 937 356 297 759 193 254 139 889 809 561 4 515 201 668 745 834 667 888 423 599 408 59 410 23 722 169 684 547 167 436 361 104 143 658 862 335 263 352 575 71 265 578 937 465 245 33 651 264 920 425 862 679 484 624 701 557 792 384 104 958 171 464 413 314 473 275 1000 735 978 575 157 594 504 445 411 749 477 413 12 396 837 225 74 672 848 126 229 991 862 332 949 32 147 361 697 620 987 49 706 317 975 215 910 478 659 320 226 488 84 589 235 921 814 309 592 13 786 820 4 647 503 952 679 650 664 727 621 3 775 678 671 749 892 580 227 903 252 804 390 687 393 624 607 558 284 551 570 70 722 573 716 225 876 746 226 892 825 846 246 599 523 916 700 767 847 926 669 450 81 410 137 825 33 95 382 669 645 304 90 367 228 805 591 456 903 168 347 727 365 944 677 887 859 376 5
57 653
25 507 734 434 643 558 819 89 292 839 734 947 928 100 174 732 42 629 986 209 327 64 573 270 741 811 480 468 816 537 473 192 43 206 978 37 115 796 125 406 634 858 704 561 309 878 644 350 506 982 910 185 45 482 454 137 645
34 957
812 470 429 3 864 986 980 900 100 127 376 858 112 586 561 24 894 790 668 596 648 1 505 832 397 339 637 886 983 570 842 794 391 622
248 606
607 480 857 58 606 233 915 70 170 828 93 63 617 112 658 264 112 515 447 509 853 84 394 187 5 587 980 396 208 479 353 166 958 210 223 916 442 490 985 611 669 77 25 285 541 35 901 652 549 699 512 753 782 257 939 787 843 270 534 50 100 886 567 58 95 790 325 888 279 309 850 947 737 227 583 629 613 835 281 513 534 144 265 315 401 555 453 243 824 986 645 923 224 211 332 670 352 656 910 630 316 111 928 405 337 863 33 949 697 665 461 230 809 77 897 209 631 349 803 806 687 447 81 262 10 764 931 361 772 192 343 439 303 270 843 991 484 228 940 181 244 752 762 404 181 658 964 811 359 767 969 397 565 49 658 926 164 940 639 935 132 981 374 786 602 568 776 86 147 67 618 391 171 379 146 351 389 110 513 99 228 481 495 144 881 504 70 45 795 708 979 278 40 704 63 641 272 191 78 418 257 695 160 427 74 306 129 814 415 642 912 994 474 758 137 355 261 558 751 407 265 81 685 304 785 99 297 408 289 374 825 898 69 985 676 494 642 805 307 408 446 218 401 271 327 537 625 939
47 727
345 711 160 29 367 296 480 663 703 768 36 879 17 456 215 693 949 856 497 607 263 294 176 663 564 502 552 541 440 998 267 785 60 778 165 778 73 644 440 775 764 828 654 780 635 868 472
284 76
320 190 338 613 366 353 177 219 256 717 659 605 335 795 16 113 959 794 537 955 585 312 70 412 317 849 399 536 673 982 611 992 523 301 605 240 653 133 811 260 201 469 864 887 263 879 999 573 672 536 879 257 199 948 20 515 149 418 402 173 751 13 164 626 313 120 217 317 604 27 928 804 847 791 691 461 21 41 34 45 928 912 653 126 212 24 992 360 794 394 532 544 758 47 521 422 519 90 90 122 468 17 278 315 807 968 775 179 360 160 223 288 424 875 765 635 251 757 346 44 502 229 939 259 627 460 32 145 901 121 267 368 137 544 682 295 863 809 473 222 320 696 509 743 922 274 729 172 382 426 215 883 654 154 493 633 965 524 777 865 996 395 584 132 938 618 426 152 426 898 374 97 945 234 840 219 859 920 742 240 346 957 474 351 462 318 983 778 841 112 994 836 506 577 319 444 194 744 947 971 994 320 68 938 554 259 508 764 178 250 4 875 558 829 578 19 147 912 148 987 23 141 175 529 717 845 324 263 589 270 233 582 590 652 871 495 910 379 258 88 628 613 962 185 442 891 555 588 803 54 926 825 194 452 353 262 297 676 876 885 298 109 818 887 760 40 733 670 418 342 109 397 307 422 933 748 313 839 687 115 892 612 939 437
116 644
51 712 671 926 948 968 386 117 206 498 156 290 519 926 632 979 674 290 400 959 37 64 149 75 178 393 38 469 829 453 464 231 516 134 509 463 102 894 579 659 743 87 949 261 12 932 239 37 221 991 995 257 54 144 683 584 536 720 404 716 173 867 299 688 1000 807 503 453 700 433 112 443 519 412 55 882 343 646 271 563 636 265 171 689 760 853 624 647 572 27 715 96 893 13 136 245 819 990 49 870 422 512 312 293 923 719 526 265 364 796 827 999 413 349 39 524
101 663
171 125 41 237 572 934 249 59 530 67 48 578 936 470 90 600 114 12 670 639 277 33 435 455 383 847 804 421 370 356 435 892 832 476 128 404 761 728 814 290 794 862 867 82 683 956 33 796 320 702 434 948 86 220 402 468 418 557 240 140 265 27 31 96 502 511 851 614 238 665 903 384 878 769 817 912 77 201 707 396 254 492 343 339 64 96 158 481 5 397 620 621 423 3 716 276 513 919 889 102 935
43 485
164 264 653 75 340 853 133 87 106 624 781 796 39 228 953 520 232 702 491 852 476 845 920 752 709 190 992 811 476 135 647 639 398 652 713 89 504 845 175 962 820 307 757
59 534
62 730 118 763 220 321 238 417 592 341 125 781 333 287 256 819 934 246 568 585 958 656 440 154 182 401 326 488 510 184 21 923 265 138 685 836 459 274 252 50 615 377 183 299 663 790 117 948 36 684 884 345 691 324 499 872 76 824 359
37 359
379 859 623 869 543 810 679 169 62 80 783 790 262 433 804 52 901 752 439 584 635 783 626 310 633 497 386 456 855 322 166 585 181 140 453 75 950
283 595
363 563 729 152 824 161 955 227 61 58 17 996 693 800 621 354 432 117 739 240 323 413 757 908 945 897 712 371 198 195 966 560 757 694 711 932 207 17 511 267 75 527 263 119 326 883 472 110 352 563 349 674 975 105 581 271 353 645 641 550 839 958 109 595 4 171 878 210 188 388 476 614 267 90 732 592 325 555 53 676 117 753 701 443 858 634 713 562 278 706 112 116 15 572 62 18 743 939 227 282 679 55 247 945 496 978 888 820 884 941 847 1 693 548 795 902 181 508 464 810 565 927 925 579 498 986 949 592 276 175 225 954 581 471 898 77 800 786 248 684 78 95 36 770 642 830 24 174 689 487 983 605 413 259 184 262 596 484 854 871 10 430 825 591 901 74 19 52 859 266 87 288 360 122 58 353 304 433 878 344 919 212 949 683 470 484 296 65 967 149 936 976 931 112 918 831 185 936 234 396 554 321 683 265 794 740 618 449 524 847 793 442 59 93 476 528 928 772 593 246 272 880 573 202 991 491 384 175 778 618 570 683 290 253 948 435 344 917 884 868 763 28 661 821 472 489 349 399 260 293 996 531 172 568 85 162 410 468 336 540 437 258 222 726 862 169 161 557 85 396 776 848 423 437 668 894 925 368 644 536 660 639 418
231 558
502 344 968 322 680 507 758 289 80 836 150 249 348 58 685 743 834 884 517 270 904 762 546 271 405 81 283 395 850 113 952 704 457 919 25 488 777 134 128 857 969 277 457 316 334 141 58 519 377 926 788 280 687 685 550 91 117 832 837 967 297 789 670 105 59 694 592 188 179 719 396 148 347 852 463 32 344 873 551 720 798 690 351 485 375 253 927 843 84 764 809 732 904 830 836 314 523 779 501 702 849 896 201 547 747 15 579 443 239 481 514 389 522 865 225 248 117 151 91 552 266 899 284 521 729 471 835 603 250 335 656 450 231 208 997 329 223 927 123 461 759 637 201 280 501 425 528 617 928 618 520 193 868 803 714 948 626 548 551 227 234 558 676 464 766 24 145 340 950 267 152 708 903 353 340 755 777 867 723 704 836 243 249 703 397 314 3 374 213 553 600 446 462 628 262 579 651 406 918 601 24 70 660 279 774 999 33 550 865 756 606 52 350 206 107 746 519 109 120 731 13 71 528 474 698 789 405 349 546 322 301
22 743
960 200 516 959 232 418 175 339 23 227 40 580 333 138 98 441 609 180 805 679 707 278
177 848
34 77 745 356 377 666 450 688 865 318 646 449 735 173 139 109 399 179 688 83 316 137 875 924 316 679 602 374 308 330 221 342 758 966 49 134 983 850 822 848 167 819 648 901 991 786 361 741 964 48 175 279 184 401 202 851 431 156 225 739 837 445 432 595 762 832 728 97 681 901 296 848 72 943 100 414 728 461 155 44 860 681 322 44 82 876 894 512 31 118 602 219 915 385 813 28 216 893 124 897 793 771 96 216 713 195 630 793 7 136 836 867 816 157 910 249 384 155 113 766 625 714 985 891 99 797 270 666 689 746 914 834 516 9 49 229 556 30 21 562 165 208 780 333 364 41 581 100 196 693 865 172 759 849 62 209 646 331 874 686 76 788 519 944 148 920 172 55 949 544 969 466 751 748 798 466 789
230 565
336 775 430 859 533 630 920 741 627 602 614 313 30 753 183 973 253 454 496 307 755 39 275 220 141 375 369 606 163 98 171 850 872 952 708 756 581 979 496 208 932 462 872 961 566 54 285 818 508 780 125 614 818 751 833 310 125 553 916 639 2 86 840 226 389 547 981 969 877 829 176 809 290 47 769 207 453 406 25 312 185 501 925 355 251 109 664 728 661 579 718 662 16 558 887 404 456 220 725 333 48 252 141 689 651 261 895 103 666 271 766 851 771 42 557 374 150 220 101 162 151 818 175 166 727 414 922 183 633 998 515 680 249 7 720 899 267 614 353 285 885 470 487 7 511 43 380 660 614 480 173 764 650 348 282 376 761 555 558 393 552 424 424 800 430 495 51 49 108 755 333 344 225 819 351 735 213 82 747 826 914 919 942 563 618 223 290 378 777 200 122 328 623 897 479 405 391 881 453 851 636 137 546 860 307 248 594 871 330 692 696 243 963 637 157 580 211 446 310 987 645 783 666 268 680 497 24 422 377 476
72 12
964 170 871 622 417 817 492 746 508 187 340 470 176 496 402 386 942 711 373 938 493 390 205 524 886 580 946 263 55 569 274 370 738 497 991 155 313 482 252 172 669 592 994 196 439 395 581 732 457 305 670 949 695 226 825 580 806 770 194 212 338 468 582 76 964 924 582 628 406 185 799 426
128 792
621 567 186 201 650 642 858 319 943 552 897 767 483 54 888 677 265 225 144 198 652 459 122 585 86 527 770 236 304 897 28 924 815 565 476 465 559 333 135 501 236 31 619 719 84 506 395 701 82 890 898 86 700 19 22 785 897 791 372 200 40 399 475 854 316 303 318 874 635 453 726 223 835 696 941 919 553 335 971 634 576 868 71 275 239 93 411 487 235 782 687 274 533 513 128 200 815 797 425 802 601 502 24 436 197 316 706 749 2 676 734 577 543 157 203 133 249 965 620 483 746 658 109 630 170 588 181 337
84 605
490 985 106 865 772 654 180 477 402 181 504 488 109 398 644 663 531 244 627 150 78 724 807 186 354 328 773 534 16 509 491 505 493 596 369 264 250 900 92 3 432 595 490 892 992 485 554 522 728 180 23 158 904 181 343 609 509 468 494 524 976 984 381 468 580 749 83 181 1 526 183 432 120 25 676 463 861 229 337 589 761 359 746 664
40 440
624 400 907 117 275 882 453 655 701 32 756 135 564 756 660 746 539 131 122 214 594 983 443 282 923 555 640 668 570 531 459 193 930 718 661 205 599 113 859 652
296 966
138 59 721 798 805 612 280 278 825 225 260 619 506 182 173 498 201 742 28 660 286 310 729 947 866 327 59 76 330 907 42 468 965 762 617 121 725 896 399 550 473 658 168 978 192 693 475 392 434 855 403 720 164 131 18 381 810 428 456 491 334 497 958 299 611 926 419 335 174 169 884 646 179 404 975 370 96 802 113 881 8 516 952 171 998 321 903 159 749 358 650 434 855 959 84 817 885 503 151 410 23 387 55 201 142 381 570 589 182 683 821 189 550 773 711 899 445 613 58 193 323 59 979 177 369 62 345 253 916 495 14 939 233 420 139 374 801 61 314 334 95 135 875 996 907 585 894 351 550 303 896 872 713 874 400 82 935 744 686 851 590 700 141 175 119 279 548 919 691 214 605 137 348 479 132 606 415 378 308 316 680 203 539 393 428 938 474 715 33 159 917 975 210 57 149 329 687 48 599 378 261 203 514 608 33 998 213 448 375 521 115 406 75 654 798 855 943 623 569 976 134 485 302 343 893 450 23 579 849 622 308 110 176 174 69 209 171 634 8 545 506 122 950 932 775 100 786 718 74 354 45 559 190 346 902 82 147 276 13 995 897 320 456 425 493 525 985 15 510 344 559 15 817 861 946 944 312 84 661 737 437 57 296 979 754 549 412 900 824 424 246 73 96 702 497 588
178 833
603 87 176 513 453 992 725 398 935 36 481 947 125 270 355 420 600 108 968 11 359 143 787 605 215 882 658 63 821 235 895 423 321 422 288 125 766 12 522 52 400 355 351 524 976 705 943 575 165 262 937 523 404 75 479 619 956 136 33 777 370 280 551 42 701 838 166 818 202 40 870 601 746 220 476 73 276 418 999 440 31 935 315 434 362 145 404 317 281 437 445 2 716 996 396 768 185 913 938 386 304 807 338 401 378 813 473 5 582 471 797 612 758 463 398 119 607 801 787 239 589 232 593 656 579 988 776 115 252 713 853 556 519 190 956 248 355 781 252 288 251 400 252 8 862 649 478 469 801 265 707 742 848 299 397 426 638 172 892 890 236 744 797 106 286 104 353 640 884 957 279 135 356 530 494 218 178 972
238 331
588 96 72 435 395 820 212 384 992 103 625 579 847 421 685 484 877 37 475 760 345 753 246 53 283 92 270 812 63 659 142 2 754 565 436 148 385 999 884 376 101 508 306 299 281 990 782 157 27 256 268 723 361 514 775 995 605 396 806 19 54 300 20 808 864 807 307 248 157 190 975 609 698 281 908 330 270 41 486 648 649 753 371 9 618 497 3 222 893 160 592 946 459 963 753 323 121 60 570 277 601 897 886 650 177 145 979 446 537 816 446 185 921 816 545 538 664 899 112 556 59 703 502 869 18 606 191 138 17 113 767 618 9 4 619 537 500 598 334 36 765 779 221 685 946 117 223 610 16 334 165 74 388 18 942 757 624 485 247 992 949 13 609 309 368 580 845 867 177 530 902 941 661 474 626 606 591 200 567 606 885 84 31 272 101 324 29 76 160 275 68 108 639 28 416 358 607 612 224 135 494 477 428 154 951 405 759 541 604 678 498 488 761 880 111 213 203 491 641 363 765 60 822 755 439 590 112 398 553 335 532 46 164 311 199 114 715 310
106 670
987 855 509 99 734 620 663 288 110 303 2 227 362 824 981 801 413 445 198 317 131 81 363 294 392 913 759 458 222 764 128 560 618 988 10 703 607 673 991 69 975 992 295 689 167 627 841 579 71 38 248 554 470 610 847 861 874 606 671 448 721 150 359 339 137 369 393 96 393 383 164 719 727 810 407 893 436 247 824 859 636 71 412 106 32 610 318 905 567 340 704 288 489 63 978 626 783 370 721 175 105 884 893 831 45 652
223 480
898 546 690 886 616 453 343 647 63 660 904 629 1000 607 916 840 21 245 465 803 615 537 977 719 772 222 549 816 873 623 648 770 169 337 7 136 790 349 783 204 361 38 832 712 996 100 551 17 344 368 819 310 904 148 380 676 369 928 843 241 551 490 362 71 827 369 206 968 69 340 171 429 377 354 140 725 805 43 741 501 410 911 810 313 58 190 340 426 469 183 18 371 672 732 441 498 100 647 817 520 338 987 949 715 693 440 791 497 482 531 997 891 441 159 556 851 700 895 628 520 77 998 891 749 729 683 598 180 681 415 699 19 753 999 85 445 439 875 294 272 405 642 163 197 152 718 399 851 964 27 723 41 24 613 141 752 647 738 931 328 504 981 346 609 980 430 405 770 656 50 41 60 692 555 608 195 624 7 398 588 385 120 980 408 84 120 511 730 209 793 57 65 773 754 673 104 535 429 873 190 479 266 249 170 820 209 716 796 215 113 383 951 232 362 358 315 833 220 397 41 12 453 457
136 207
129 240 741 558 464 931 388 729 531 557 901 91 624 696 657 737 78 607 320 791 316 635 975 535 31 367 898 835 824 386 393 304 977 486 213 440 768 600 169 298 508 421 741 132 116 397 868 545 4 187 687 319 173 661 206 555 27 103 742 202 840 134 506 816 619 718 256 386 670 776 36 177 196 776 308 311 172 527 207 527 66 893 846 590 553 403 497 931 505 238 485 345 371 990 160 342 59 767 79 728 894 466 257 89 241 916 751 765 443 957 643 860 201 488 449 753 890 945 36 747 182 520 443 905 861 954 598 919 721 676 999 966 494 607 407 734
222 157
850 964 466 493 175 666 332 624 771 574 920 158 672 454 677 114 358 537 67 307 807 139 334 157 105 827 763 863 913 285 371 114 600 836 606 775 854 290 750 976 863 669 133 534 122 809 647 831 697 65 489 855 556 823 12 12 1 774 874 913 410 244 27 362 432 984 488 637 273 589 612 135 257 96 20 731 256 18 913 952 435 754 806 990 576 169 353 928 295 226 841 56 821 219 417 604 554 256 240 827 844 203 313 453 298 333 535 905 702 799 856 136 552 14 125 479 534 829 407 828 54 599 884 227 169 652 830 722 908 70 548 103 624 213 907 922 897 441 826 598 240 34 734 143 399 210 622 932 39 380 112 444 978 347 670 146 998 852 219 257 921 119 712 544 331 618 817 227 411 995 824 2 380 909 144 130 119 765 413 509 496 524 952 473 222 974 970 572 825 189 828 97 307 891 992 989 861 809 215 271 155 390 272 886 299 415 15 769 532 427 277 27 303 228 852 524 553 173 95 377 713 275
273 371
165 465 359 25 625 925 647 779 315 918 664 965 685 678 733 568 456 9 946 758 588 149 634 141 322 728 869 386 2 342 757 519 806 467 895 782 392 542 560 706 811 575 22 847 604 754 414 59 114 712 169 53 860 802 545 533 881 414 919 235 755 675 753 912 493 647 693 884 540 604 941 351 178 962 197 133 67 963 543 180 674 711 233 885 864 129 418 745 542 688 979 648 714 83 911 206 81 603 90 621 558 30 323 735 344 871 219 410 833 762 942 858 472 526 743 688 654 512 432 196 199 762 843 912 844 754 117 924 708 558 896 266 588 218 352 283 89 923 692 273 684 985 483 507 510 225 194 164 736 977 359 286 738 553 197 933 658 665 857 718 223 104 335 162 322 38 444 762 960 487 386 643 472 868 150 981 444 695 144 179 672 854 816 761 759 12 46 768 677 902 485 899 357 171 60 678 209 855 791 168 341 177 163 812 396 312 145 840 358 640 370 381 846 186 142 604 197 187 723 225 440 560 475 796 730 534 826 938 740 968 458 81 496 620 244 892 283 740 83 640 380 452 21 225 637 514 828 186 700 902 762 491 461 237 638 191 122 463 480 862 783 937 942 278 556 537 521 838 277 603 830 656 55
50 232
43 363 411 580 414 312 342 256 773 930 893 963 51 708 442 912 490 731 205 119 286 742 640 476 370 242 305 377 648 506 608 43 220 18 622 985 329 315 240 101 596 484 415 647 191 209 910 32 939 115
51 576
208 142 403 929 383 59 305 383 564 912 425 135 281 398 119 609 65 358 62 660 842 828 658 384 388 568 768 326 34 918 254 593 411 656 521 145 67 177 527 982 440 951 117 720 701 235 680 765 945 93 776
138 921
434 521 660 1 288 338 386 557 591 330 319 598 850 464 664 378 990 646 817 293 114 536 993 348 215 109 644 660 884 781 932 317 654 591 669 293 928 406 202 518 735 520 468 936 983 131 313 325 128 129 969 241 16 313 941 583 421 584 242 656 717 173 325 370 763 993 662 691 399 863 560 485 735 27 421 717 510 733 393 989 862 361 582 877 673 522 459 445 457 52 101 173 224 425 542 339 769 556 29 519 770 940 4 504 319 424 573 180 156 965 168 369 678 749 598 350 622 408 147 79 460 247 251 35 23 793 373 791 700 401 662 469 693 665 973 11 440 897
290 595
213 709 316 890 458 913 592 431 320 738 509 131 336 760 166 358 904 538 500 955 291 161 423 983 177 747 345 616 643 534 563 856 594 878 745 51 790 688 834 461 425 342 592 112 453 109 821 708 646 321 662 936 833 85 270 362 831 614 977 474 499 539 681 93 768 425 495 909 113 328 370 889 22 313 1 474 773 173 182 418 493 843 706 678 927 327 39 110 293 367 935 791 258 615 235 25 391 82 934 855 409 655 744 430 319 96 256 91 268 437 860 113 631 565 142 910 892 532 19 184 898 953 326 155 567 913 532 309 994 465 164 402 471 907 184 789 354 791 879 973 227 738 85 857 655 578 766 898 109 136 433 7 88 758 513 6 670 44 315 663 860 478 417 330 736 952 118 441 742 996 413 320 86 850 528 740 427 646 637 536 781 69 542 221 178 406 578 200 450 892 214 309 721 982 639 808 285 756 600 378 104 13 697 541 214 577 632 640 222 620 527 354 40 420 574 217 826 152 768 275 395 982 935 468 315 573 627 600 681 227 977 136 239 26 28 804 602 659 443 823 278 322 528 669 741 102 885 566 605 5 192 351 338 127 818 652 51 445 251 83 23 228 570 613 605 949 416 206 607 210 380 236 531 907 904 272 360 141 189 964 497 381 315 834 859 484 485 261 928 736
196 950
315 617 562 919 566 329 476 524 539 855 760 69 113 15 340 473 507 881 788 3 261 102 836 471 586 673 83 865 760 778 167 74 395 80 344 312 409 171 835 947 377 946 15 489 961 707 961 819 587 749 174 199 202 361 21 139 33 103 4 792 881 170 217 627 249 560 938 657 82 772 955 458 718 322 947 30 28 259 200 966 359 373 516 561 734 536 699 766 638 54 910 870 575 126 496 824 38 785 832 119 557 139 577 626 460 875 7 839 133 558 804 844 931 671 404 16 206 454 133 195 860 42 65 434 520 912 609 557 697 793 27 605 931 603 582 390 477 940 228 962 497 383 805 779 53 560 146 610 365 279 804 224 672 220 10 191 132 618 99 180 410 126 784 340 80 717 81 909 656 308 870 504 42 26 283 94 585 780 55 301 410 859 525 82 430 886 624 561 503 75 92 265 552 875 604 631
143 685
539 598 344 760 102 386 785 736 831 369 867 238 22 277 448 898 710 877 783 685 790 285 759 881 549 662 108 505 293 50 541 831 648 236 591 101 973 727 188 156 448 406 393 469 682 840 366 743 716 148 428 857 784 538 738 685 200 197 541 844 246 81 26 245 668 968 697 641 695 236 796 142 642 540 610 675 379 327 418 446 474 197 303 609 734 392 293 285 588 833 128 185 265 154 430 933 121 126 925 815 362 72 308 355 611 269 29 989 595 446 786 68 642 440 677 728 831 321 12 770 154 492 955 770 645 736 54 117 861 978 284 574 49 591 928 11 212 309 351 806 754 137 874
248 576
902 475 759 222 838 880 727 329 834 497 325 569 902 794 782 232 77 707 632 19 635 643 230 943 993 36 48 129 261 147 57 514 621 815 87 811 694 814 139 880 662 816 800 563 609 581 146 37 288 778 407 274 420 637 568 412 24 967 893 636 114 949 149 86 115 235 896 808 400 387 39 61 202 839 976 162 419 121 198 58 898 604 331 669 592 250 81 967 217 325 602 330 273 102 415 387 337 311 546 736 697 585 149 250 423 476 763 193 948 312 603 846 915 933 866 859 183 946 825 399 622 779 80 894 880 494 632 216 804 530 304 852 114 804 453 888 631 215 432 578 526 34 775 793 319 641 651 501 938 827 251 560 605 330 805 837 823 437 404 979 966 59 182 431 862 635 670 492 201 101 422 79 487 196 871 805 836 873 657 126 51 907 685 8 588 489 844 762 277 247 92 594 306 274 24 519 260 45 363 812 146 784 890 632 979 760 788 167 984 444 292 35 350 328 42 289 816 237 50 445 483 494 38 140 767 414 659 378 458 373 541 955 156 431 938 486 542 725 4 526 168 295 912 869 622 305 157 790
41 559
586 375 52 623 515 170 388 525 899 846 897 439 152 52 869 90 889 763 166 893 288 334 187 551 554 161 855 711 302 747 621 887 121 672 509 635 841 249 159 739 446
255 529
597 458 398 38 347 160 204 239 799 537 777 349 90 937 555 152 238 301 772 476 421 795 337 408 987 585 566 725 30 973 254 626 430 3 664 776 514 219 14 312 107 791 12 548 79 918 700 669 218 823 144 990 618 480 397 604 64 315 681 445 287 286 423 716 640 438 492 153 656 857 816 762 999 827 309 78 96 360 98 665 183 241 654 152 721 403 755 136 69 787 933 355 424 355 70 63 792 913 215 447 122 30 560 472 208 868 549 303 228 646 319 762 239 973 913 311 727 19 798 795 158 730 501 581 84 922 644 875 835 210 673 308 240 232 779 799 452 680 454 31 677 772 792 915 96 56 577 174 426 375 968 935 104 820 516 540 742 511 766 928 720 439 235 311 22 365 462 473 44 915 503 73 38 646 987 134 53 916 307 831 290 627 765 745 446 632 284 187 142 50 114 214 840 700 524 861 65 985 686 460 251 540 532 289 186 871 774 590 786 80 420 75 58 185 171 856 168 455 42 310 856 508 523 695 559 398 907 623 735 592 435 985 484 966 625 669 836 398 610 973 830 30 399 887 566 570 94 733 376 136 394 231 995 916 277
53 666
535 528 400 479 962 736 962 279 713 982 467 110 591 439 291 972 838 530 889 759 623 974 134 110 367 716 104 635 344 9 300 878 536 51 708 849 786 669 127 498 2 593 960 945 384 250 916 221 131 805 331 754 130
164 863
496 531 319 482 874 327 781 103 862 183 811 62 969 831 188 818 185 133 129 129 516 379 44 88 861 200 418 614 329 233 477 177 763 147 658 636 473 791 90 686 973 900 747 293 83 286 111 267 418 591 395 933 321 790 20 182 990 437 795 670 669 623 846 783 769 856 418 593 646 860 278 618 111 24 263 193 310 725 811 79 315 557 12 636 347 383 817 688 172 963 357 192 586 555 975 706 410 744 299 407 603 928 376 714 304 638 258 613 362 69 43 677 625 54 312 323 789 480 10 960 442 719 503 379 625 477 437 34 221 87 792 175 14 167 888 317 805 498 281 166 566 324 842 542 729 505 865 517 984 874 828 778 944 331 508 568 159 944 601 731 30 744 906 44
11 145
712 715 642 993 880 559 316 74 101 396 578
65 265
914 190 444 43 134 126 550 701 285 494 654 15 523 397 272 918 307 769 630 21 762 974 253 321 641 678 421 36 607 737 300 520 926 96 562 411 221 464 112 505 957 765 872 831 513 495 101 820 263 82 192 25 55 796 697 695 473 117 730 80 205 382 951 130 477
165 541
49 328 4 554 636 120 777 818 632 623 918 803 886 999 347 262 53 494 958 747 319 426 829 750 630 210 700 111 38 916 3 86 595 358 991 230 477 119 400 461 742 317 615 979 316 961 592 720 807 549 819 125 326 647 874 307 208 925 417 597 193 772 34 787 129 25 369 958 495 768 418 236 84 32 214 751 345 805 823 151 705 641 627 382 639 500 688 198 776 457 794 968 580 827 107 708 203 475 665 698 242 82 933 677 466 499 780 810 655 954 312 712 594 938 445 584 789 133 781 564 941 926 884 520 752 990 579 955 464 596 4 57 29 288 85 494 786 864 655 793 817 966 856 762 903 300 697 691 432 477 607 724 754 490 595 506 479 174 812 294 769 815 350 797 454
134 291
240 650 297 384 818 263 239 932 165 538 628 208 322 457 166 45 210 655 640 67 485 165 878 778 933 44 479 81 498 264 723 89 913 20 472 731 282 710 14 798 599 641 357 920 97 522 317 659 528 308 725 12 472 955 141 756 998 619 836 847 883 911 287 795 930 758 877 563 819 890 712 418 883 421 689 331 942 5 989 822 664 66 833 135 20 974 242 369 944 430 216 826 340 502 973 621 612 201 535 782 91 246 551 325 18 240 655 312 596 996 133 260 61 965 746 80 290 988 448 234 417 15 411 756 869 735 728 480 936 262 261 378 859 812
202 877
403 708 188 998 703 320 609 763 636 355 194 278 342 994 863 758 8 273 865 876 8 592 707 295 853 320 672 711 131 725 939 885 432 126 882 135 797 843 249 433 197 443 62 538 436 924 295 795 548 159 23 907 750 81 201 954 400 872 16 882 596 955 766 380 80 1000 514 229 842 114 661 38 556 722 927 343 997 221 490 544 731 864 451 832 944 651 137 344 875 152 577 822 106 343 201 538 694 714 766 887 180 778 924 735 851 850 430 847 422 271 742 504 134 192 335 429 195 471 124 69 974 701 890 80 395 443 969 88 156 86 326 335 215 249 422 65 450 203 263 223 825 4 726 310 548 412 738 742 234 862 162 207 914 403 638 308 845 606 747 353 691 72 39 905 672 812 321 473 366 935 47 190 291 772 499 838 535 589 931 768 802 92 974 715 846 612 374 691 569 120 43 260 543 81 516 566 893 189 390 258 123 436
300 413
207 298 602 741 238 884 860 39 975 185 105 821 796 478 863 717 949 905 328 843 337 843 408 229 383 797 839 858 584 638 622 790 287 224 882 525 107 93 915 434 278 20 606 425 497 468 141 446 724 468 288 60 663 48 289 45 196 479 902 780 116 524 921 402 99 155 278 205 247 193 990 524 212 595 949 60 414 89 505 137 909 145 197 571 544 837 615 739 667 869 518 782 392 439 535 490 945 165 46 191 709 388 67 920 982 15 331 748 455 188 236 363 332 432 285 875 620 900 965 286 768 483 419 511 273 306 352 217 470 749 759 178 136 825 449 470 191 779 217 646 318 452 360 649 236 645 875 207 896 192 493 15 26 263 525 298 568 228 866 389 976 976 918 112 801 366 581 991 497 149 988 814 600 700 815 835 344 41 42 591 232 886 605 257 500 481 906 420 60 123 808 35 99 726 498 899 443 430 241 291 578 229 457 178 928 623 364 623 663 757 565 247 642 521 503 494 353 761 913 412 883 720 798 333 797 296 583 592 725 824 234 303 404 690 832 683 664 195 305 327 952 221 925 945 741 779 438 93 539 350 856 774 422 653 458 570 300 41 513 377 216 747 31 619 788 862 301 452 408 957 130 359 177 54 656 269 184 93 713 723 795 568 848 568 572 305 489 224 697 354 600 912 452 630 530 239 843 182 42 250

